42.88
-87.18
-29
119.76
23.86
21.17
87.11
-5.41
78.18
18.25
29.11
6.03
59.72
126.91
-0.4
39.53
91.48
-52.58
77.84
143.64
-10.56
165.56
-14.95
113.56
111.58
102
84.66
-37.38
71.38
84.45
142.43
164.15
-119.81
-72.12
26.9
73.62
87.19
63.65
98.4
13.19
-21.65
-13.39
0.79
6.1
54.58
17.15
63.26
113.78
61.74
89.97
100.84
33.78
-25.16
-10.37
-39.68
-103.34
-134.37
-144.28
84.85
143.06
98.41
23.47
-9.37
-89.01
-134.35
122.47
84.55
31.92
119.82
19.23
-25.96
-10.62
139.91
110.9
30.2
123.42
127.63
-44.41
-136.78
58.49
-5.04
-102.53
171.15
77.11
-32.18
-178
117.76
48.88
-65.25
102.66
39.23
-73.25
158
-23.18
78.98
-60.69
14.44
87.63
-30.28
44.75
109.97
-84.63
-15.91
42.09
101.16
-58.81
111.83
-17.09
-92.54
60.56
175.96
-70.77
34.99
54.25
121.11
-176.64
-77.87
77.47
59.44
102.35
-171.09
-84.25
-74.18
16.38
23.02
75.7
140.16
-154.03
-78.02
-39.63
-56.8
12.97
67.35
88.04
58.81
114.18
-173.69
-5.99
-167.2
163.44
-32.33
-72.22
-143.89
157.72
119.4
81.36
74.19
63.26
25.63
23.76
4.49
-13.24
-67.27
-176.41
124.08
51.07
24.57
-107.46
89.22
2.62
14.79
102.54
117.89
91.28
6.16
-160.31
119.85
-4.52
-143.02
77.26
-26.95
-125.44
117.61
52.81
-33.7
158.83
60.88
35.31
-82.03
-165.11
18.39
-89.59
127.27
16.24
-52.93
138.67
109.69
124.56
100.62
-174.57
64.15
81.07
-115.03
3.7
61.08
164.45
-1.86
49.73
-179.02
65.65
31.81
5.89
-21.25
30.86
126.05
-28.93
-4.38
-24.31
-3.29
55.09
93.73
-78.22
-33.11
29.24
74.13
40.53
120.89
-84.14
-42.75
69.41
100.56
95.42
116.9
-163.88
179.9
-92.41
-95.18
-28.47
76.4
22.84
60.34
45.91
66.14
40.32
10.57
-9.67
0.37
-99.55
-133.35
-160.96
112.29
124.84
-141.29
104.97
75.63
-3.22
-86.03
-140.24
120.51
125.48
172.28
127.24
20.81
-23.12
-74.22
-133.32
102.2
55.46
65.94
32.33
-39.84
-110.65
113.98
24.34
-96.61
141.19
94.47
29.31
-98.39
119.53
35.52
-83.12
111.65
35.02
-133.92
75.97
13.37
165.86
11.85
56.63
167.96
-43.25
49.61
-142.7
63.91
94.32
10.63
19.31
70
-162.38
-46.9
97.08
91.25
40.85
40.61
-161.89
-50.42
54.88
107.06
4.6
9.98
6.61
45.99
98.91
110.5
167.36
-116.42
-25.06
9.95
50.61
69.15
138.41
-128.67
-2.73
-11.01
-15.34
27.82
133.04
65
56.96
153.88
-150.21
18.31
-153.3
172.79
-139.28
64.71
103.04
94.63
64.78
42.56
44.97
32.87
5.76
0.43
-57.16
-137.71
109.58
70.98
30.33
23.66
37.21
-6.79
-83.04
-149.04
101.1
78.31
-57.37
-150.47
23.68
-28.3
164.89
68.25
6.98
-118.09
119.57
63.43
-8.37
-125.8
159.43
51.25
-99.7
126.88
-16.11
-69.77
63.44
85.08
-145.38
53.8
41.83
147
116.28
-7.66
78.66
171.62
-13.21
78.19
44.25
5.69
83
163.33
-152.51
64.33
132.54
21.24
17.75
37.03
60.68
50.7
97.98
-111.31
6.7
43.46
61.13
165.79
-57.33
-74.48
17.4
59.77
85.48
132.69
-101.74
-64.92
-0.6
26.07
63.98
49.96
3.77
144.29
-122.72
-130.56
-21.74
-60.58
-11.69
14.89
15.14
11.15
80.75
-38.46
-132.84
-144.48
-113.77
154.9
169.83
-133.08
163.02
127.66
69.06
27.98
-29.07
-136.35
112.55
144.86
-171.52
110.84
7.2
11.43
-85.42
-105.23
96.72
-32.22
126.17
39.86
-13.8
-149.67
110.84
11.58
-63.73
-160.26
135.82
42.7
-61.45
149.2
20.85
-60.02
110.78
30.15
-128.51
65.07
-47.53
154.27
33.39
52.16
-23.04
117.35
-140.07
-8.96
86.39
-51.9
-141.75
85.13
-128.46
28.67
44.05
102.96
8.38
79.2
-127.49
-96.77
165.26
63.59
1.96
58.78
120.02
-88.11
5.32
65.93
-8.79
113.67
37.15
-172.72
-129.76
-9.21
6.97
41.78
75.16
171.08
-147.77
-67.97
51.32
19.75
44.59
57.62
92.96
84.14
118.09
166.44
137.13
125.52
145.81
53.9
-33.06
41.7
48.95
16.72
14.68
31.93
-1.54
-63.33
-119.68
170.41
57.86
5.64
-44.83
91.68
60.9
-57.81
100.66
120.78
44.08
-5.02
134.93
26.03
-47.4
-176.46
71.8
-18.94
-123.48
146.42
78.97
29.09
-81.66
155.98
44.68
-67.19
150.8
24.42
-99.93
80.63
-59.18
162.96
69.67
12.2
120.89
-66.78
43.19
34.57
-24.25
22
101.04
-15.53
133.41
-128.35
39.39
89.23
167.65
-48.63
28.98
158.45
29.66
2.7
85.42
49.01
156.64
-148.7
-144.55
-4.58
84.14
-125.53
-176.91
-140.34
-33.41
-17.84
26.01
95.08
148.77
-138.17
-143.69
10.97
32.46
62.05
120.24
-170.9
-173.2
179.25
-87.52
-63.7
-61.81
-5.21
87.64
-41.47
-175.5
37.08
23.02
-111.18
-177.07
162.09
164.87
-166.98
147.47
88.3
25.68
-28.64
-103.22
44.51
110.99
-122.42
103.43
75.51
33.34
46.29
73.97
80.15
-27.21
162.36
76.5
-38.41
-157.35
99.67
36.08
-4.11
-119.8
136.05
34.37
-76.36
165.79
13.18
-36.12
118.11
-10.38
156.15
67.4
-80.64
158.79
89.08
-126.74
13.76
-113.5
-25.1
81.73
81.61
-95.34
69.63
112.72
-3.79
76.94
-114.54
-1.16
75.42
121.93
-10.34
69.45
40.78
-141.26
47.17
27.04
35.82
19.81
141.81
-90.6
-97.74
80.25
89.7
64.59
125.57
-179.78
-103.93
-16.48
23.19
-56.32
161.55
151.89
-79.32
-19.52
-2.46
4.21
45.87
64.51
77.4
66.28
112.66
-158.56
40.33
105.07
-142.39
96.65
66.3
20.8
41.6
26.64
-15.38
-48.23
-132.25
133.36
101.81
-1.09
-51.34
97.47
4.71
-9.07
-129.17
-175.86
111.55
-83.45
-156.81
46.99
-38.7
157.48
88.05
-40.16
-71.06
-157.01
87.78
20.16
-86.06
148.72
37.19
-72.45
146.22
54.23
-93.2
57.29
-69.98
174.99
31.65
-50.15
-133.43
-3.57
115.44
-108.27
129.4
165.94
1.56
62.43
150
86.92
6.42
50.17
-3.86
126.42
-101.34
-10.85
78.68
172.71
-94.84
49.67
68.02
88.5
172.02
50.17
-35.6
21.45
96.38
139.27
-176.98
7.03
-3.66
23.09
66.4
102.31
-151.93
132.91
-53.55
11.27
-5.12
103.38
176.48
178.92
-159.49
-165.43
-71.28
-158.89
-88.68
-10.64
83.57
68.31
-9.96
-32.78
-165.56
-165.42
68.86
151.95
133.62
110.73
24.95
-54.34
-64.66
113.95
-50.39
119.33
165.34
111.15
31.94
-34.79
151.16
31.64
-50.64
144.94
49.42
-24.13
147.79
58.09
53.86
-22.71
-136.27
136.69
30.4
-78.08
137.36
51.21
-92.59
89.96
-44.52
163.25
40.56
-83.26
134.85
36.44
-49.13
70.85
-174.89
-19.39
103.72
-52.68
69.45
-115.16
-50.08
120.6
-42.32
-59.72
15.55
-115.15
18.19
75.51
158.45
-71.66
52.57
92.7
-17.75
22.74
89.07
100.48
121.53
135.42
17.28
-7.56
28.49
117.72
136.3
-8.96
-1.53
28.37
-7.31
77.4
73.02
-164.46
99.57
-111.68
-66.14
-23.05
5.95
42.73
62.74
21.96
13.44
28.09
-80.36
-157.27
86.09
152.95
82.37
7.65
4.95
-5.36
-30.95
-102.79
-169.49
67.94
62.62
110.09
76.87
-24.56
4.8
-43.43
163.42
75.82
118.97
148.23
36.38
-88.37
-172.8
84.61
38.15
-19.75
-122.9
103.05
14.12
-95.56
136.14
20.44
-81.7
108.87
-1.99
-153.96
56.39
-66.71
93.69
32.51
-72.66
63.13
43.5
-174.89
-44.75
95.44
-135.52
55.97
162.48
-46.4
61.98
-152.04
-16.37
90.77
92.43
-148.02
-143.44
149.24
2.13
69.35
153.75
-80.53
54.87
46.04
20.32
-129.61
-83.07
50.84
54.42
49.04
-161.11
-83.17
11.69
43.18
106.01
110.73
73.55
-138.74
86.94
62.23
66.91
35.18
84.24
132.51
-162.5
-161.32
-140.99
14.27
97.94
27.96
-14.96
15.18
-65.12
-112.93
176.25
132.05
147.47
122.88
93.21
53.23
9.64
-108.76
116.53
-114.96
-159.43
139.77
110.42
43.55
24.87
30.02
24.96
-55.83
127.76
33.61
-57.51
-17.03
-69.82
87.94
-15.83
-122.41
125.49
-1.1
-99.12
124.32
16.82
-86.73
82.83
-66.03
153.2
4.12
-59.17
143.17
22.39
32.82
137.31
-63.76
65.74
177.37
-23.19
110.9
-110.15
56.93
-164.41
-34.14
57.78
-122.99
47.21
145.93
-26.36
-10.79
83.59
146.34
-11.63
45.5
121.56
-139.56
51.27
28.79
-11.65
139.9
140.36
-116.19
-9.38
30.53
126.05
-179.83
-14.85
-113.99
21.35
37.33
24.3
62.24
-104.28
123.51
-157.07
-52.24
5.82
47.15
56.32
-24.09
74.03
172.09
168.05
136.75
74.5
38.51
4.53
-13.64
-3.94
-54.38
-112.83
-179.22
111.23
40.94
55.27
56.03
4.32
-35.98
-104.48
146.48
-5.15
-153.55
122.01
41.59
-117.43
113.18
49.27
71.31
1.08
-124.23
110.66
0.27
-118.13
121.04
19.46
-107.27
117.64
-48.22
144.67
16.45
-80.62
113.31
39.95
-23.55
-159.9
95.65
-85.87
29.47
153.48
-69.12
75.3
-152.72
3.22
118.92
-75.08
49.92
168.89
-26.88
70.41
-12.75
74.72
127.93
-72.05
2.53
64.07
161.65
-59.32
74.88
149.81
-164.52
99.06
106.36
-49.91
98.98
79.36
-171.23
-87.23
-17.59
46.64
64.28
169.43
158.79
125
164.04
-6.73
63.73
46.31
71.49
136.16
-129.49
61.13
19.78
-11.28
31.48
-40.82
-85.83
-151.48
167.2
141.26
116.19
123.93
99.67
62.86
-1.59
-59.36
-158.66
128.76
-160.03
171.83
52.7
18.89
89.83
84.85
-9.8
-104.25
141.44
-15.11
-131.21
-0.78
-137.62
112.05
0.6
-113.85
109.64
7.03
-119.3
116.35
5.45
-170.65
40.17
53.68
155.16
23.58
-55.33
-78.55
60.3
-15.07
-83.95
-7.42
88.61
-73.57
46.96
178.92
-50.33
92.58
-142.39
15.65
154.35
-85.34
71.31
148.54
26.31
135.63
-89.84
22.68
129.09
-64
-2.55
21.4
-98.31
-96.47
-13.48
-170.84
-128.6
68.72
140.88
-61.04
-12.07
34.39
103.18
-177.94
-84.92
-48.1
74.71
108.29
-15.89
70.02
127.72
48.34
-56.87
40.16
40.96
10.71
58.87
147.01
133.7
86.59
77.38
9.86
-23.89
-32.67
-52.62
-69.69
-93.55
-167.29
125.22
90.62
3.23
22.42
40.93
-39.86
-170.24
134.04
-17.22
-177.26
67.81
-26.14
121.52
19.71
-59.86
73.74
1.4
-130.19
121.79
10.38
-127.79
97.24
-2.53
-134.31
100.67
-10.62
117.72
38.99
-110.45
150.12
63.17
-30.15
-137.44
65.72
15.23
50.44
-132.55
7.26
148.63
-75.83
52.69
179.89
-24.33
99.73
-123.6
20.93
146.07
-56.01
93.6
-113.15
26.83
129.35
-91.77
24.61
96.21
-84.57
-10.65
21.23
161.78
-107.06
23.36
91.45
116.63
9.49
105.15
161.28
-67.44
-28.52
38.13
91.04
176.96
1.25
4.93
78.16
-114.53
17.05
-24.32
169.67
-172.95
-71.67
-4.52
-85.81
-58.6
-91.38
-141.93
119.98
109.23
79.56
85.67
75.74
41.16
11.77
-36.33
-32.38
88.79
129.21
146.42
85.02
-25.3
-99.75
34.18
-18.12
42.2
86.45
54.91
101.47
4.22
-132.33
101.52
-1.67
-111.84
88.75
-14.28
-154.45
88.04
-15.39
157.4
-7.57
-92.12
114.2
68.62
25.19
-161.34
80.66
1.12
-122.81
80.53
165.47
-71.57
75.05
-143.68
36.25
164.2
-56.08
69.39
-172.37
-17.43
111.31
-114.52
26.74
164.63
-28.18
74.43
-173.24
27.64
112.54
-118.38
4.49
50.04
150.25
-79.47
9.13
78.15
144.98
-35.1
41.15
67.69
10.21
62.95
104.39
163.59
-115.61
-3.71
97.46
151.24
-144.71
22.66
87.95
130.65
13.67
11.69
33.57
81.81
63.61
78.31
86.28
7.1
-23.56
-95.67
-90.8
-86.87
-130.63
-173.53
130.75
50.66
1.71
-148.13
-23.86
-20.89
-97.73
71.78
-50.24
-176.03
85.12
51.29
127.66
-2.14
-127.85
128.25
-5.49
-132.02
98.77
-3.88
-144.01
85.37
-23.21
63.28
33.57
-84.93
101.87
-9.28
130.26
48.98
114.13
10.58
-71.01
110.92
-15.38
-155.9
-87.68
16.22
83.36
-25.87
115.41
-93.48
37.84
153.42
-60.71
70.82
-173.3
2.26
125.73
-89.2
41.39
171.97
-60.54
109.08
-135.88
-4.13
96.1
-134.2
-40.14
66.97
115.17
-114.89
-24.46
50.25
139.84
-152.24
135.78
-155.66
-85.4
-39.68
26.44
114.16
-78.48
-37.37
-11.97
37.66
171.2
-131.06
148.98
156.66
-169.18
-145.84
-75.09
-114.65
-131.79
145.92
100.23
81.67
71.87
81.08
20.95
-22.07
-86.8
101.44
80.71
-63.64
71.76
84.31
13.76
-170.85
48.31
-36.97
95.87
-23.47
-129.75
88.3
-10.15
-120.91
117.34
-0.78
-128.96
90.11
-5.37
-159.69
62.78
8.67
75.6
8.59
138.4
40.32
147.36
37.75
-98.24
122.25
2.42
-154.78
81.26
-41.45
25.69
72.24
-79.53
63.96
168.82
8.22
119.62
-78.75
40.66
176.37
-48.08
73.25
-148.83
3.59
137.06
-82.09
43.32
-176.99
-15.59
89.3
-130.61
-26.36
35.52
126.83
-123.65
26.34
41.88
137.92
-124.98
2.08
61.51
5.12
41.66
94.09
153.36
-133.46
23.71
76.42
113.34
161.66
-173.02
12.16
-25.49
-10.86
-25.41
4.08
47.64
40.99
-3.61
-42.19
-139.36
-142.98
-136.12
-128.39
168.74
109.09
27.59
-12.21
-161.19
45.99
-75.39
166.41
82.03
-55.28
143.42
52.78
152.36
99.1
-19.19
-140.73
103.2
-7.62
-131.06
114.4
-16.93
-145.1
59.77
-37.28
-160.21
4.89
-173.79
-16.7
-149.37
36.55
-105.12
97.6
3.19
-157.09
91.49
-30.84
-170.61
52.12
90.5
-155.89
23.17
107.27
-95.92
42.01
-142.39
22.75
137.83
-82.03
41.73
177.86
-31.29
97.16
-112.9
24.82
107.91
-80.56
62.89
-178.46
-5.42
72.15
176.11
-38.33
46.76
117.66
170.01
9.72
54.5
108.7
-176.5
-50.32
136.78
-135.16
-69.32
33.4
155.32
-137.41
-73.74
-20.13
-20.7
96.37
118.78
124.23
122.21
143.1
175.01
-166.21
143.16
88.08
3.96
27.02
90.97
17.48
-23.73
-102.49
93.23
77.92
-110.75
127.97
31.26
-118.19
96.41
40.04
-43.25
96.14
-41.51
-150.22
98.76
-10.03
-116.84
109.71
-22.51
-131.27
74.27
-94.33
130.45
18.48
-59.04
112.06
138.84
84.75
-111.29
109.5
-7.19
-147.11
84.1
-27.55
-161.42
50.22
-80.36
138.13
-135.57
16.14
80.48
-156.14
19.85
127.86
-38.68
92.47
-124.74
6.33
135.98
-79.05
52.92
-167.04
-8.04
114.14
-105.45
23.51
149.98
-52.08
65.31
-177.93
-13.98
75.95
166.08
-105.03
19.54
102.27
-167.35
-108.23
-54.27
7.15
64
0.8
54.29
127.48
28.09
27.75
70.37
98.19
130.8
-52.15
-65.36
-91.32
-85.09
-52.95
-20.58
-13.68
-25.94
-33.73
-88.48
-132.79
-134.44
159.05
125.17
38.12
76.76
70.76
-11.03
-126.66
109.78
-30.34
-137.18
118.86
24.4
-170.9
47.04
-34.32
-144.45
99.53
6.16
-133.42
71.49
-41.92
-11.8
-40.92
-163.96
58.19
-50.55
80.67
0.12
73.42
4.62
-108.83
100.32
-20.57
-149.54
81.2
-57.1
154.13
15.05
-133.61
43.6
95.65
-96.5
11.99
111.3
-88.12
45.7
155.22
-32.96
86.62
-120.18
8.76
125.05
-82.93
65.54
-168.65
-7.77
137.24
-84.13
32.11
177.5
-33.59
74.59
171.96
-52.86
37.18
90.96
160.03
0.35
55.39
124.34
159.51
-147.58
118.23
-179.46
-89.4
116.27
138.65
-164.07
-140.5
-76.99
58.89
89.59
58.84
53.69
95.93
124.77
114.51
85.53
32.13
-22.95
-25.8
1.26
-57.56
-106.96
141.09
57.1
158.61
80.85
3.97
-98.83
69.5
-49.84
161.42
50.26
-44.89
172.83
76.89
-17.73
-137.32
104.43
69.4
102.13
27.16
136.58
36.13
-106.25
107.58
-32.08
-176.01
41.85
-100.58
130.08
0.61
-132.23
78.08
-38.53
163.31
20.52
-118.54
81.08
-59.82
74.56
-139.88
-16.98
119.65
-65.85
-1.96
102.3
-105.39
28.99
141.73
-21.5
107.42
-125.61
13.81
151.31
-69.06
59.55
-152.52
-2.01
136.25
-83.23
47.76
173.12
-51.45
47.79
154.95
107.99
148.52
112.68
-143.73
-98.11
-35.02
-12.17
-2.06
-16.44
12.15
-166.36
-75.13
-26.91
15.04
10.33
-130.58
-150.38
-153.13
177.76
-151.15
-112.3
-110.94
-144.28
116.68
61.08
7.39
154.82
122.69
-1.41
153.31
135.65
-59.26
-147.43
110.67
12.51
61.74
36.18
-88.07
161.13
55.32
-42.69
-169.91
107.94
-24.75
-38.85
-77.5
78.15
10.14
-165.13
84.36
-44.27
143.9
26.95
-100.8
106.34
16.55
-139.51
84.74
-31.32
-174.05
40.18
-111.43
105.62
-49.99
130.64
-16.55
-157.65
-79.02
94.78
-116.93
20.98
123.93
-133.29
10.22
93.42
-94.13
53.06
-136.63
-1.03
111.25
-94.68
32.33
168.51
-25.53
91.29
-118.9
7.4
127.94
-57.43
53.2
177.62
-56.14
62.74
151.79
-15.13
-6.87
23.75
86.29
109.81
161.92
129.67
121.39
-179.08
44.89
108.87
164.18
72.69
23.35
22.83
18.43
-44.2
-32.43
32.17
16.18
17.88
-30.08
-58.82
-31.4
-48.77
-58.2
1.54
-132.01
151.56
55.63
-27.24
175.91
22.86
-157.06
127.69
34.33
-70.01
172.8
75.81
-10.71
-139.28
154.5
84.46
-16.56
-3.82
66.34
-52.8
134.03
11.69
-111.07
120.65
-0.28
-128.39
101.21
-24.71
-165.5
43.29
-87.16
115.53
-30.66
160.79
8.88
-143.77
51.85
137.84
44.4
145.29
-11.38
87.15
-138.44
-15.3
101.59
-95.74
35.33
99.84
-1.12
95.05
-114.8
-6.69
105
-102.44
43.11
178.06
-17.83
101.53
-128.68
35.27
148.03
-77.03
36.01
141.89
-72.73
81.61
134.7
-135.57
-146.19
-101.58
-48.45
-83.11
-74.46
-30.28
89.78
-151.76
-103.62
153.42
157.78
159.32
165.36
-29.2
-157.31
170.48
145.76
93.56
45.42
6.86
56.21
89.76
63.22
74.53
-55.39
-141.96
152.83
107.49
54.13
16.49
-51.77
-125.93
148.05
56.01
-47.03
-148.31
121.09
52.19
-81.23
-161.54
133.06
93.51
59.4
-18.82
-90.61
98.97
2.37
-104.68
110.06
-8.75
-146.77
63.21
-71.17
126.91
-15.7
-169.48
33.38
-134.27
72.82
-88.9
119.53
-165.77
47.49
91.63
60.51
-177.26
-31.42
90.25
-137.98
-15.06
105.34
-143.44
15.66
173.34
-15.25
79.35
-153.33
3.49
121
-73.73
67.35
-142.92
-20.3
108
-132.25
34.73
147.66
-88.98
72.16
-168.45
-55.35
-7.29
37.9
54.46
49.24
71.29
39.98
79.08
147.51
-144.82
-80.74
-102.12
-63.66
-25.78
-22.29
35.12
89.02
43.22
-30.4
157.6
120.57
75.9
-103.08
-115.57
-159.21
152.3
67.5
15.04
-50.55
-76.31
-162.19
135.92
63.94
0.6
-84.89
176.88
86.89
6.2
-93.49
179.42
72.23
-36
-128.93
-139.15
-146.33
85.13
7.88
-128.67
108.93
-5.65
-129.04
85
-55.2
142.43
-5
-157.06
55.8
-111.47
86.88
-57.74
132.08
-3.71
-168.66
-134.36
35.85
-157.79
16.04
28.09
27.99
-174.78
-43.17
80.5
-150.77
16.52
85.2
-105.26
21.59
-163.36
0.03
100.68
-153.23
-24.28
173.81
-44.22
71.78
-160.5
-3.03
118.29
-111.21
7.86
132.39
-74.6
47.82
121.23
164.15
-175.95
179.99
-174.68
169.74
-176.92
-100.64
-21.06
28.92
-8.74
47.62
103.08
115.96
125.46
-169.38
-165.44
138.05
-108.28
-131.66
-175.65
96.27
4.98
-49.32
-141.53
150.77
122.98
93.67
22.19
-35.6
-111.04
-157.81
126.04
61.47
-45.49
-116.78
114.62
48.24
-35.47
-166.89
80.05
14.15
-160.08
64.65
-125.75
105.33
-9.7
-133.83
90.14
-45.37
165.63
11.79
-145.88
57.41
-94.89
103.48
-49.06
150.48
1.77
-158.37
52.41
-99.06
-7.67
131.89
-77.94
37.95
-154.08
45.3
-67.75
53.73
-164.06
-49.42
91.55
-145.01
-4.92
158.35
-64.49
57.54
157.02
-52.12
88.09
-122.03
50.91
176.6
-30.09
80.06
-162.79
-15.04
104.4
-132.43
4.75
154.15
-116.32
-50.61
-27.9
-19.67
-36.01
-56.59
-71.86
0.67
81.28
135.36
70.17
80.11
-103.53
-83.07
64.57
-28.32
-50.67
-105.67
-32.73
-42.56
-89.25
-155.04
121.44
39.45
-46.7
-62.71
-106.14
-150.1
106.78
74.45
11.09
-6.47
-82.34
-178.88
74.84
-17.49
-95.86
155.12
76.36
-13.54
-156.61
108.57
-1.15
163.65
2.63
-156.38
80.95
-40.5
173.73
30.37
-128.25
76.51
-81.85
110.22
-38.76
157.83
13.65
-139.29
64.51
-79.97
127.01
-19.91
55.58
-138.27
11.73
157.59
-49.51
120.7
-27.89
70.78
-129.01
45.91
-178.97
-32.14
95.63
-139.21
6.55
90.12
-72
43.04
177.61
-63.51
45.87
-6.59
61.02
159.93
-51.92
84.05
-170.04
-44.17
69.14
-117.73
-11.32
51.7
74.27
85.5
84.52
140.34
-43.21
39.53
-166.62
-103.35
51.65
89.12
67.13
102.65
170.51
137.61
27.32
-39.6
68.46
55.87
14.96
-33.87
-160.81
45.67
20.11
69.55
53.52
-24.83
-110.83
177.77
-125.58
114.29
41.17
-63.6
-138.93
102.84
20.47
-94.88
-175.96
82.98
-41.85
-174.08
39.45
-113.97
93.11
-42.46
178.41
40.9
-103.45
97.86
-65.74
136.07
-13.96
-171.61
37.37
-115.96
82.68
-61.63
136.56
2.64
-155.54
56.87
119.2
-77.52
68.49
-133.99
13.53
128.34
-47
98.08
-8.75
122.79
-94.72
44.28
170.18
-41.63
90.29
-141.74
27.16
127.92
-116.42
1.33
70
-34.19
88.69
-60.25
44.31
158.86
-76.48
55.08
158.62
-50.44
90.44
168.57
-167.11
178.22
-154.22
-94.07
5.35
55.18
53.19
36.29
131.48
172.24
-175.56
-140.58
-105.76
-105.16
8.36
0.72
174.35
151.36
99.55
54.56
-25.8
91.75
55.97
-59.77
-120.18
86.97
-58.1
137.09
1.66
-81.6
145.93
52.76
-27.29
-98.89
170.27
60.81
-47.99
-176.89
36.46
-104.89
94.99
-28.66
-172.64
39.26
-97.49
110.95
-40.39
145.39
0.22
-166.51
47.45
-107.1
105.97
-44.3
156.37
15.27
-128.84
76.07
-64.23
112.77
-160.44
9.68
136.75
-49.72
100.71
-118.69
18.16
151.48
-65
90.31
-15.19
109.7
-77.28
49.66
171.18
-48.37
76.69
-175.84
-5.99
119.55
-99.09
-27.64
52.49
86.19
154.25
-102.92
42.57
142.9
-102.15
20.34
-169.6
-64.96
-118.4
-116.69
-55.09
-32.63
58.12
120.11
149.48
150.87
-154.96
-118.47
-121.25
-83.25
-37.9
-38.41
56.48
63.79
28.19
-49.8
53.73
47.4
2.5
-150.68
112.77
33.74
-31.55
62.79
-22.85
-131.76
133.07
61.88
174.71
164.81
104.92
27.2
-69.92
-179.98
29.39
-96.8
96.2
-44.12
-174.45
58.1
-90.5
121
-20.14
175.76
2.6
-151.96
52.79
-94.04
111.77
-26.45
175.76
24.12
-120.56
90.66
-63.68
142.27
17.67
-167
-60.8
67.88
-126.3
37.31
-165.78
-30.02
96.55
-118.08
45.62
178.04
110.09
160.77
0.98
127.7
-70.09
36.28
161.35
-63.27
91.61
-128.72
-32.27
39.59
132.02
159.07
-87.69
48.27
132.21
-109.06
9.39
166.17
-41.49
61.67
-178.47
-57.71
3.54
12.52
44.56
146.61
-159.56
-169.89
169.25
-162.84
-134.72
-108.84
-56.69
-30.71
-23.14
115.54
111.99
106.16
99.18
106.48
99.19
99.03
158.42
90.06
-8.64
146.52
56.64
-26.74
-86.03
-149.17
154.45
29.47
-97.87
133.52
30.51
-96.51
109.74
-23.63
166.48
29.73
-98.27
130.79
-7.84
178.77
24.01
-139.48
66.86
-74.92
130.02
-17.02
-167.64
47.37
-92.81
104.6
-34.54
166.16
30.85
-139.1
62.02
-116.83
14.61
144.26
-37.17
78.25
-101.31
36.1
-168.1
-14.63
131.91
-92.44
75.74
162.84
32.74
170.13
1.77
137.57
-84.11
27.97
147.27
-77.79
38.54
150.94
-63.75
49.21
116.79
160.86
-124.87
-12.12
110.35
-80.32
44.68
142.56
-99.35
11.17
55.64
37.93
66
113.74
177.14
-168.62
-158.79
-129.7
-85.83
-57.51
-33.08
-11.41
7.12
20.81
172.34
167.49
149.11
159.49
163.28
173.84
172.5
116.08
-22.05
-132.43
130.12
77.38
46.84
-9.56
-92.48
169.1
-8.99
-116.63
98.48
-11.72
168.5
40.34
-116.72
113.12
-11.94
-158.75
56.92
-118.76
73.48
-75.14
133.87
-3.69
-154.93
66.44
-66.28
130.19
-12.46
-172.52
25.26
-128.29
95.11
-127.09
71.93
-120.58
68.79
-132.75
3.12
149.66
-37.82
107.7
-97.43
51.14
-164.49
-6.57
137.74
-68.03
58.77
-146.73
82.9
-147.29
-13.98
94.91
-136.74
-10.33
94.02
-85.6
26.2
127.52
-156.6
-130.78
29.73
100.46
-157.16
-8.56
128.04
-137.83
-57.34
117.03
-32.7
51.69
94.79
133.79
-177.51
-136.58
-123.35
-106.79
-63.15
-20.78
-9.29
5.28
36.82
57.26
63.03
133.87
144.96
138.77
-161.36
-101.04
-135.25
158.24
31.89
-90.58
158.49
65.54
-171.79
89.31
20.87
-100.76
133.46
-11.87
-160.72
54.09
-104.41
128.65
-14.94
-150
77.3
-80.22
111.7
-39.43
157.65
22.99
-140.16
68.29
-72.19
139.04
1.51
-163.14
57.92
-90.21
96.47
70.19
21
-133.44
90.18
-80.43
146.24
-67.13
70.55
-109.42
12.72
168.24
-44.36
117.99
-92.35
54.58
-157.66
-5.26
142.16
-70.74
71.94
-40.35
61.62
178.82
-53.97
68.61
-166.68
-2.87
104.92
-159.94
-51.35
87.46
129.83
-165.9
-73.39
60.37
-138.74
-53.57
6.12
-69.45
5.96
86.28
128.92
138.85
153.76
-164.71
-137.45
-128.65
-115.85
-81.78
-29.26
4.52
41.61
79.2
100.62
145.71
167.56
165.71
163.93
146.83
-95.94
-148.04
-65.15
-111.04
172.45
100.83
-20.66
-130.76
115
18.63
-123.13
49.43
-65.2
162.67
-5.93
-141.61
71.21
-65.41
140.1
-18.51
179.06
38.35
-107.79
97.61
-46.11
152.06
6.15
-139.14
67.75
-78.87
125.96
-19.06
30.09
-122.02
84
-65.8
133.32
-29.49
-94.57
5.68
-156.68
-13.05
76.79
-136.77
51.18
179.38
-18.7
126.5
-80.66
59.93
-150.21
10.09
152.38
-47.01
46.37
-23.99
89.22
-170.75
-22.1
69.52
165.46
131.86
-164.31
-138.44
177.63
-98.77
-3.01
73.07
14.87
50.34
-110.46
-21.54
48.54
129.37
149.95
135.16
160.55
-177.86
-155.87
-121.89
-98.52
-73.25
-36.7
2.46
36.51
63.82
94.78
130.84
172.65
-161.68
-150.2
-152.35
-175.29
-74.49
-94.45
-68.82
-89.55
-161.01
92.3
-45.18
-171.97
72.2
-70.8
131.59
3.45
-130.29
79.01
-64.3
130.04
-18.98
-167.45
34.6
-101.13
106.12
-33.83
166.97
16.48
-126.6
81.39
-77.85
123.02
49.34
0.06
-153.55
69.26
-71.98
118.53
-14.65
148.88
-2.73
28.49
115.92
-74
3.86
131.42
-2.66
96.18
-115.71
43.56
161.26
-25.11
114.81
-33.56
82.32
-132.15
6.41
102.19
58.73
150.06
-80.41
62.75
-165.42
2.85
144.87
-103.97
28.29
137.55
-73.61
60.25
146.94
168.12
-140.57
-57.28
13.43
63.46
22.95
59.42
121.84
169.83
-169.27
-150.92
-114.03
-84.81
-62.33
-34.36
-1.8
22.45
45.22
90.3
110.44
119
154.58
-110.26
-110.61
-148.52
-38.61
-93.65
136
-4.16
-91.45
149.65
10.42
-115.2
123.94
-19.58
-169.66
61.88
-71.26
143.85
-20.33
-178.17
20.93
-107.89
103.33
-42.21
165.49
27.54
-123.37
88.98
-50.9
153.83
140.79
16.08
-150.81
63.67
-66.48
123.44
-35.32
135.7
10.37
128.35
-16.57
74.85
-135.49
4.28
70.1
3.14
35.62
93.26
170.57
-123.55
130.88
111.21
-119.77
30.91
164.26
-41.43
54.07
-137.48
41.59
164.33
-66.79
75.48
-41.41
69.8
-158.58
-42.15
91.43
-150.96
-10.22
114.6
-137.29
-76.48
-86.06
-20.99
36.18
51.79
48.31
88.68
132.59
171.1
-162.13
-139.98
-106.52
-77.2
-54.42
-23.61
12.44
38.62
51.85
97.99
131.78
144.55
174.75
-138.32
-103.9
-132.99
-6.56
-61.31
-146.47
43.32
-47.98
-157.57
55.02
-71.48
168.53
32.95
-108.16
105.41
-28.72
179.83
21.77
-131.54
80.98
-46.19
174.22
28.37
-122.37
95.2
-37.51
-153.01
107.06
-0.29
-153.28
76.59
-78.62
133.76
10.57
95.76
-10.03
122.97
-69.09
130.11
-13.51
-172.26
-48.45
105.72
-89.8
34.75
115.41
-5.62
126.38
-94.61
116.24
-164.63
-66.35
84.2
-81.42
5.08
-89.64
-6.03
97.51
-152.59
-8.6
136.54
25.99
136.61
-108.53
45.23
172.87
-56.71
91.04
-175.39
-71.74
72.32
-110.62
-15.26
40.39
51.71
71.61
107.08
131.96
133.72
-179.38
-136
-108.76
-85.28
-61.81
-40.11
0.64
57.99
67.39
86.65
118.89
146.86
-168.54
-141.39
-100.15
-105.07
-64.37
-31.36
-47.75
12.13
2.96
-67.71
89.28
-12.76
-124.37
92.64
-56.98
137.96
8.36
-141.29
84.95
-58.16
146.4
16.2
-126.46
95.63
-4.07
-145.61
89.04
-21.78
-176.78
42.88
-85.8
124.55
-27.03
49.54
-108.79
85.86
-40.09
143.48
5.12
176.11
45.61
-93.98
-11.82
-175.67
-30.72
86.54
-127.97
62.05
170.01
-41.89
150.37
-67.52
-23.77
-109.2
-24.76
115.41
-50.29
48.43
142.12
-73.37
101.31
-121.47
56.75
-172.59
-69.86
112.81
-61.57
74.93
161.02
-116.74
-37.89
-163.43
-81.25
-9.01
29.89
38.4
72.96
111.28
130.56
136.65
171.36
-138.16
-109.75
-89.49
-61.6
-32.34
-7.6
51.04
77.76
96.27
116.06
140.42
-173.32
-161.38
-97.51
-73.83
-77.15
-29.56
-8.54
-45.7
82.81
-3.98
159.57
38.58
-67.13
128.36
-23.98
-176.49
55.77
-73.6
162.83
36.85
-75.08
66.9
-33.1
-161.05
91.47
-19.28
-158.01
60.35
-85.69
112.47
-32.15
151.66
-77.23
82.99
-69.04
138.76
-7.96
-168.72
51.03
-148.43
73.59
-150.11
-46.77
-62.46
-5.71
129.55
-3.59
101.29
-137.43
31.18
-173.59
-31.72
147.2
-16.84
48.52
-169.44
-36.55
45.64
47.9
105.21
-169.76
-55.88
77.35
-165.77
-63.28
-10.13
71.91
142.41
-146.02
-94.4
-152.83
-103.76
-50.15
-19.64
-6.98
31.8
73.86
111.59
133.06
147.55
-179.48
-140.05
-107.5
-87.23
-65.07
-32.02
-8.35
34.8
67.31
101.06
124.35
145.09
-166.24
-154.3
-131.86
-69.59
-64.22
-34.09
-2.3
-44.04
95.53
24.6
-142.79
67.02
-33.26
175.98
26.76
-113.83
124.93
10.22
-83.29
164.57
31.07
-67.72
103.43
-32.65
-177.9
54.63
-75.14
120.98
-16.79
3.86
-117.2
84.91
-51.65
125.51
-2.58
-172.03
34.59
-99.19
84.64
139.75
-6.69
152.41
-14.98
-83.07
9.02
114.5
53.03
115.95
-143.23
125.07
-139.88
-13.61
-125.2
39.71
146.84
-69.96
-15.63
36.18
92.98
-177.66
-94.65
-2.82
91.81
-145.6
-72.9
16.85
114.41
-168.85
-91.95
155.28
-130.56
-77.12
-49.44
-35.27
4.31
47.46
77.23
92.43
119.85
151.79
-173.39
-137.89
-103.09
-80.59
-61.59
-32.81
-10.9
29.43
58.68
92.31
124.81
128.7
-179.29
-131.43
-124.6
-88.69
-52.96
-34.71
17.33
7.04
89.88
46.12
-99.03
94.75
13.2
-86.81
157.23
27.57
-90.76
149.2
18.46
-111.9
85.32
-44.75
173.04
31.04
-93
114.65
0.2
91.96
-127.84
72.82
-91.04
132.64
-8.48
-174.22
29.11
-1.46
15.83
66.25
-18.74
150.53
1.53
153.41
-38.41
-60.09
5.71
78.78
102.2
68.49
119.01
-134.85
27.49
168.88
-65.9
81.66
-110.12
-17.17
-28.91
18.78
107.79
-157.74
-69.26
-87.97
71.71
-164.68
-80.29
10.48
108.21
177.7
170.29
-159.48
-103.04
-71.4
-71.83
-35.27
13.7
51.27
51.49
78.75
124.16
156.76
-173.64
-142.55
-104.51
-76.12
-52.16
-22.02
0.28
41.21
65.89
97.31
135.87
139.87
156.88
-133.66
-124.71
-97.72
-45.17
-32.92
27.77
16.02
114.5
72.15
-33.08
154.8
67.38
-23.42
-117.38
126.05
-5.37
-129.07
90.09
-77.61
121.68
-14.52
-136.14
93.1
6.24
-51.05
168
71.24
-99.32
89.84
-20.29
141.55
57.09
70.24
-52.31
104.23
-35.82
-176.8
4.2
-166.75
40.59
71.51
-98.43
-49.23
36.81
103.65
82.33
76.69
147.13
-98.15
90.05
-157.51
-45.05
102.63
-55.2
39.17
-86.84
23.87
103.9
-175.62
-123.37
0.51
87.99
-151.47
-58.32
22.82
94.22
146.71
-171.25
-130.22
-88.76
-90.23
-73.57
-30.27
11.08
30.77
52.48
92.87
133.82
155.06
-178.92
-142.67
-105.67
-76.95
-49.74
-19.74
2.01
41.15
62.59
85.41
130.28
154.57
174.1
-149.88
-135.84
-104.63
-45.95
-35.37
38.17
17.44
142.17
92.56
33.26
-145.38
96.32
33.01
-45.57
-166.96
74.07
-60.94
166.86
21.9
128.6
-0.9
-130.87
86.33
89.58
29.95
-117.89
104.09
-10.55
14.53
-164.93
77.85
-107.67
105.17
-32.9
134.38
-9.42
-159.4
33.37
-147.94
52.97
140.24
-65.76
5.72
31.27
92.11
100.66
112.02
126.97
-101.09
99.74
-161.44
-88.54
17.91
11.4
177.82
-45.19
42.32
117.26
158.72
-129.16
17.58
119.89
-118.89
-19.89
90.94
58.32
128.28
-176.78
-131.29
-101.76
-89.65
-59.19
-22.62
7.03
35.39
69.89
108.82
139.99
150.99
-174.71
-132.41
-100.34
-79.79
-50.33
-15.51
5.6
37.52
65.76
96.11
122.31
147.38
175.52
-142.75
-130.23
-111.84
-45.11
-34.38
32.42
38.19
64.41
87.25
86.73
73.62
-7.79
-111.65
39.2
-89.91
129.13
-10.28
-128.24
150.36
58.26
-50.55
159.33
14.53
-121.54
97.72
-57.64
106.8
106.67
41.12
-111.28
104.14
-49.77
140.48
-14.67
161.56
7.88
-148.86
43.19
-143.34
50.08
-154.58
-17.35
72.49
-26.73
69.56
135.36
77.05
112.9
-130.69
52.77
164.77
-81.05
32.69
99.89
-134.08
-12.52
44.76
49.45
133.83
-117.75
2.87
125.35
-121.86
-36.11
140.66
50.87
124.2
174.33
-143.26
-107.84
-83.47
-61.52
-37.23
-3.97
35.31
69.31
101.31
131.03
151.23
-175.25
-137.51
-111.11
-89.93
-59
-16.33
8.02
32.77
58.5
100.34
127.12
149
167.1
-147.56
-118.05
-103.58
-46.71
-26.06
-0.75
39.6
79.79
53.32
-31.57
117.97
32.79
-71.03
-172.5
44.69
-25.22
-106.96
-4.18
-120.38
86.35
-30.29
-161.82
40
-110.85
110.65
-60.31
71.78
-99.43
100.85
-44.61
160.8
-32.07
137.91
-5.55
160.88
10.01
-142.73
40.19
-136.94
63.09
-97.96
18.6
-162.22
-0.87
90.31
109.67
85.12
148.6
-92.16
75.44
179.46
-65.82
63.26
-171.66
-74
21.6
6.6
53.07
144.56
-103.17
18.95
113.62
-121.78
-45.21
7.51
104.33
129.56
157.12
-152.63
-106.83
-84.02
-75.2
-42.25
1.93
37.4
62.31
94.81
134.52
158.14
-175.69
-143.54
-114.12
-84.66
-56.31
-23.99
0.78
27.02
53.21
81.48
106.62
144.8
173.4
-169.43
-126.26
-87.41
-48.09
-25.29
-4.01
6.89
120.81
69.7
-4.18
169.63
65.88
-34.3
-116.16
117.29
1.98
-107.03
84.47
-66.87
104.58
-14.54
-158.74
28.18
-131.36
88.08
-73.65
106.39
-41.46
156.1
4.66
-167.68
28.79
74.31
-21.78
156.39
-13.56
-144.99
46.57
-119.07
73.86
-50.86
43.63
-71.98
37.14
105.23
54.67
127.67
-160.99
-37.61
124.03
-127.49
-34.07
98.8
-105.78
-48.1
-50.97
25.77
103
-179.08
-107.28
14.11
56.67
-170.31
-84.72
-1.67
91.43
135.37
161.48
-152.92
-106.12
-83.38
-70.87
-33.97
9.92
35.82
56.71
94.94
137.11
160.54
-172.95
-140.85
-109.08
-77.44
-52.27
-24.03
0.37
30.35
63.78
90.1
103.68
137.35
-179.71
-172.08
-131.36
-82.61
-55.92
-21.74
-6.22
10.94
110.47
77.92
20.85
86.46
61.31
-8.01
-50.65
155.23
49.92
-98.63
155.11
-114.52
96.49
-16.71
-160.35
31.1
-131
98.25
-57.53
139.57
5.34
-168.34
-12.61
156.1
-14.67
124.08
6.05
149.54
6.13
-119.46
74.92
-111.16
69.26
-1.05
-55.12
-20.88
62.47
57.99
75.09
130.99
150.17
-135.58
85
-162.62
-61.39
48.46
64.58
-149.21
-48.76
37.24
124.4
-153.82
129.34
-133.63
43.08
161.29
-93.49
-7.11
82.34
151.2
-168.25
-150.32
-121.83
-89.11
-61.22
-28.11
4.52
27.43
56.14
92.86
130.67
158.24
-168.1
-136.74
-108.2
-82.22
-60.37
-24.94
8.46
40.11
68.87
90.36
103.56
146.05
-172.29
179.63
-144.22
-78.03
-65.53
-15.08
-8.85
50.65
76.72
55
53.51
60.12
0.87
-105.26
16.48
-152.48
101.25
-79.13
-149.32
-142
104.75
-12.51
-148.39
52.29
-101.8
101.52
-31.99
141.41
-16.33
81.81
-72.39
134.62
-18.29
153.45
15.11
-146.8
30.53
-121.58
76.16
-124.89
55.03
124.4
-38.03
22.27
12.09
81.9
136.56
58.54
141.22
-103.51
47.24
178.89
-72.91
26.54
81.15
-157.72
-53.18
41.32
104.09
136.93
-156.9
-49.52
76.25
-159.79
-70.81
14.83
93.21
154.35
-170.39
-164.77
-124.24
-86.73
-60.14
-31.82
0.38
33.73
65.66
96.08
125.3
156.96
-162.2
-129.17
-103.22
-80.54
-58.26
-23.54
10.62
45.26
68.05
84.76
102.01
152.67
-169.77
-175.62
-156.85
-77.01
-64.13
-7.06
-4.89
50.72
66.17
38.15
106.13
74.97
5
-68.12
-35.04
-155.69
76.31
-67.72
-128.31
-133.47
107.1
-8.55
-131.27
36.15
87.19
67.1
-117.09
77.31
-85.62
103.4
-56.74
145.55
-10.41
142.04
6.6
-174.3
-1.42
-140.7
47.69
-144.87
50.25
174.08
-48.95
47.88
-11.25
80.1
162.92
45.01
139.36
-79.29
75.91
-160.12
-52.08
40.92
13.51
-178.71
-73.6
12.48
73.63
148.81
-130.3
13.94
111.56
-137.24
-55.39
10.51
69.51
135.26
171.17
-156.78
-111.88
-82.08
-70.32
-42.8
-1.95
41.29
72.67
94.43
122.9
155.96
-163.2
-130.64
-103.83
-78.83
-52.14
-22.95
3.07
38.92
62.32
81.64
108.5
148.91
176.39
-167.33
-129.16
-85.19
-72.95
1.51
7.17
24.59
69.27
66.36
87.55
72.55
49.53
1.29
-51.57
-177.07
70.46
-65.68
-129.2
-157.72
87.33
-35.92
146.66
6.48
-140.74
73.35
-101.24
102.15
-45.28
135.04
-27.63
142.34
-36.6
124.73
-6.76
158.48
-6.73
-136.58
46.04
-148.86
54.24
-177.87
-42.04
31.5
-20.87
76.4
153.5
69.7
146.08
-70.22
99.94
-147.29
-59.15
17.05
49.28
-158.58
-56.27
28.61
73.29
151.43
-118.14
49.37
107.43
-137.21
-87
-29.43
71.2
142.86
-174.6
-143.14
-103.73
-83
-72.49
-39.61
5.2
46.28
68.38
88.35
123.21
156.18
-168.78
-139.88
-112.36
-83.14
-52.18
-23.28
0.33
31.12
57.62
82.8
108.79
145.67
170.94
-164.26
-125.92
-84.67
-70.23
-1.45
11.88
5.51
94.84
86.96
62.55
24.33
87.49
10
-67.63
160.84
30.55
-113.01
-178.79
-144.83
83.3
-44.52
150.39
13.51
-129.73
84.3
-63.33
118.39
-19.3
105.7
-104.44
121.76
-42.94
105.2
-16.72
156.52
4.62
-140.94
47
-141.71
60.21
-173.93
-46.73
32.02
-21.89
71.76
144.41
54.74
141.67
-106.6
83.21
-157.48
-79.3
10.57
66.61
-132.31
-31.89
38.55
65.21
137.93
-139.25
-0.08
88
-142.97
-82.39
-8.34
92.81
163.27
-171.01
-146.64
-104.2
-79.2
-62.71
-29.07
13.37
47.2
61.59
86.06
124.56
155.6
-173.73
-144.4
-115.93
-88.22
-58.6
-26
2.76
32.53
59.65
86.38
104.3
137.47
-174.09
-155.71
-142.78
-83.3
-54.2
-19.24
8.01
27.84
56.25
84.86
63.06
44.07
71.44
-5.8
-109.31
130.39
-14.92
-125.66
69.81
-102.01
86.31
-32.86
-178.58
15.5
-141.55
81.02
-64.14
113.3
-39.56
106.54
-67.47
138.04
-35.3
125.44
-4.5
133.67
-0.74
-135.69
35.85
-139.36
68.65
-144.97
-45.76
63.67
-45.44
78.93
136.47
81.74
144.92
-84.72
79.93
-151.01
-48.3
73.44
159.12
-101.9
-24.97
20.44
80.17
152.48
-118.84
46.11
117.53
-123.16
-62.48
7.98
107.25
159.5
154.6
-160.35
-109.25
-80.3
-63.14
-30.84
7.61
36.82
55.53
86.57
126.47
156.33
-175.03
-142.55
-111.07
-85.41
-58.35
-28.47
0.65
36.03
62.84
84.81
104.77
135.98
-177.18
-151.9
-134.68
-85.89
-54.3
-31.83
4.89
60.38
36.33
92.77
70.49
-5.82
71.09
-3.63
-117.61
129.19
-5.69
-96.77
-25.61
-112.75
78.54
-27.18
-167.29
20.02
-128.95
96.18
-95.57
95.7
-60.51
105.81
-44.45
139.67
-48.16
120.58
-9.85
164.86
0.36
-129.17
64.1
-145.72
72.77
-95.41
-44.22
1.26
19.82
86.25
137
78.46
138.46
-109.32
79.49
-153.49
-52.61
81.3
-50.86
-147.27
-46.48
20.77
80.25
166.18
-89.04
47.08
105.04
-121.39
-72.31
-11.86
83.56
144.15
165.06
-159.14
-117.41
-89.21
-66.91
-35.95
-1.56
26.77
51.57
85.07
123.6
151.39
179.16
-146.96
-111.26
-80.86
-51.75
-25.68
-3.3
34.4
67.34
89.18
109.08
139.16
167
-158.65
-108.8
-84.23
-55.86
-31.24
4
60.14
15.5
162.54
85.71
16.53
38.94
-15.21
-80.92
161.29
52.79
-27.1
-94.4
165.62
64.09
-33.7
-178.39
29.54
-89.77
125.56
-30.18
141.01
46.17
44.02
-122.34
114.33
-66.69
76.4
-23.5
136.75
-6.05
-135.27
65.35
-158.26
58.14
26.73
-106.29
-21.25
48.9
73.15
110.51
121.14
133.59
-96.71
81.47
-158.11
-62.71
64.64
-162.91
-133.43
-33.27
40.64
72.13
136.39
-154.87
-21.74
75.4
-167.44
-98.24
-21.32
70.73
150.56
-169.26
-159.39
-126.33
-93.36
-67.49
-37.17
-4.69
23.85
50.87
84.25
120.27
146.29
175.26
-151.94
-117.9
-87.19
-59.07
-27.9
-2.53
30.07
66.11
94.56
110.1
135.08
161.29
-166.1
-103.15
-86.9
-54.89
-23.89
11.81
50.47
7.29
170.85
92.83
49.38
60.41
-13.42
-64.06
-141.07
109.67
-15.79
-117.02
136.38
55.35
-24.09
-53.68
53.57
-30.59
145.74
71.12
-147.65
117.06
-12.89
-160.3
80.17
-65.83
63.75
-52.73
113.52
-24.82
-137.45
5.65
-164.61
46.96
19.01
-93.06
13.65
137.19
38.68
127.8
-108.93
110.64
-151.45
19.89
168.65
-85.55
45.22
-14.01
-157.73
-37.29
31.69
61.67
128.7
-156.75
-45.31
80.2
-171.17
-98.24
-28.88
56.76
142.39
-167.95
-154.64
-127.4
-96.03
-69.95
-40.32
-6.9
22.32
52.14
85.56
120.56
148.76
-178.78
-147.67
-118.95
-90
-64.02
-27.86
-0.03
27.46
57.87
90.57
109.85
142.55
174.6
-164.65
-120
-82.01
-56.13
-27.85
21.18
38.79
27.77
120.33
72.66
52.62
51.36
-17.79
-39.59
-113.83
132.48
-40.02
-143.15
100.19
-3.81
15.18
-41.8
132
16.38
175.52
71.1
11.41
-25.16
76.77
-159.66
71.59
-111.82
38.5
-57.38
87.24
-32.55
-153.07
12.36
-171.16
39.56
-162.74
-79.71
6.01
72.91
53.76
126.21
83.7
125.32
-126.32
49.46
-173.79
-66.56
52.53
-12.51
154.74
-78.34
11.25
70.99
138.87
-174.52
-14.44
82.55
-159.1
-92.38
-31.02
57.56
133.15
-176.63
-148.96
-120.68
-97.14
-76.29
-44.65
-8.15
22.67
53.52
87.21
122.26
148.86
-178.6
-147.78
-117.45
-87.61
-58.78
-21.1
2.92
30.41
55.83
81.11
108.66
155.85
-174.92
-167.53
-138.89
-67.6
-53.35
-37.44
25.56
34.11
60.69
90.77
62.17
72.23
35.05
-46.74
-33.97
-99.39
125.53
-49.82
-144.48
134.4
75.43
-8.96
-80.53
80.6
-25.76
124.77
31.3
108.62
-12.66
127.73
-49.13
155.22
8.42
12.31
-63.04
80.6
-15.86
-137.18
19.64
-156.78
70.19
-111.13
-48.05
11.63
-14.18
80.01
126.15
108.09
152.9
-107.28
100.41
-140.51
-40.18
101.24
-70.21
139.69
-72.52
11.98
80.9
159.17
-143.31
32.29
84.18
-159.38
-87.99
-16.99
71.35
137.61
173.9
-155.78
-116.07
-94.23
-80.86
-47.36
-4.97
29.24
57.52
89.83
122.47
146.19
175.08
-151.68
-118.67
-89.02
-60.57
-22.9
2.58
36.13
61.68
79.67
105.54
159.61
-172.11
-160.57
-136.91
-83.35
-56.75
-26.87
17.84
34.72
69.47
65.6
77.13
93.15
39.4
-46.78
-111.54
95.96
-32.42
-148.7
157.79
-140.16
90.22
-27.51
-151.74
43.48
-91.11
106.78
-35.09
140.87
-11.63
151.58
-4.31
156.42
12.11
39.13
5.7
121.56
9.64
-86.74
90.41
-125.45
85.34
-112.48
-37.72
26.41
14.75
73.21
124.68
109.25
130.78
-146.74
52.2
-139.6
-67.01
57.6
-96.5
-43.03
-28.33
-0.61
69.58
154.65
-148.27
7
88.81
-161.89
-82.76
-13.07
78.6
144.07
169.3
-160
-113.08
-86.42
-79.89
-47.83
-4.67
28.57
52.63
82.44
119.26
146.04
173.64
-152.76
-118.73
-88.36
-60.56
-27.87
-3.06
33.8
64.46
86.38
110.32
161.88
-168.26
-148.68
-126.83
-99.82
-69.03
-16.65
12.77
24.72
78.97
76.32
85.21
77.71
44.1
-33.79
-116.79
115.02
-37.96
-155.98
43.82
-123.96
101.29
-39.26
-170.59
29.46
-117.51
91.38
-55.01
128.11
-18.23
167.2
13.56
-165.34
38.92
-32.83
36.3
45.56
-8.39
-97.42
99.13
-142.75
73.64
-126.31
-50.98
7.29
47.29
57.87
91.44
145.06
107.8
179.05
-75.04
93.84
-116.33
19.73
91.43
-135.35
-35.89
14.5
61.14
137.56
175.53
-64.77
73.58
-176.82
-100.19
-31.75
61.51
135.43
169.09
-162.55
-114.86
-82.74
-78.47
-53.33
-12.14
21.47
43
72.59
113.87
144.82
173.17
-155.33
-121.88
-90.85
-57.54
-23.86
-2.28
29.04
62.68
95.46
118.46
160.58
-168.52
-145.31
-124.67
-99.08
-68.57
-28.48
12.2
23.43
71.6
90.35
68.76
43.91
73.8
12
-72.21
161.38
35.94
-128.47
55.82
-134.32
93.43
-40.44
174.98
31.29
-132.81
69.9
-84.67
106.28
-21.93
158.64
7.41
-157.07
59.11
-22.44
-99.81
68.65
-31.04
-133.32
7.71
-160.76
53.26
81.79
-76.58
11.48
70.58
69.84
98.05
146.06
111.12
176.32
-103.84
-16.45
-108.14
8.75
-6.53
-105.19
-56.12
22.61
93.13
163.92
170.1
-167.48
67.72
179.65
-102.5
-35.25
55.01
136.22
165.84
-164.78
-115.91
-82.18
-77.54
-55.98
-15.82
22.88
48.03
74.57
111.03
138.28
166
-158.22
-124.95
-93.39
-52.62
-16.86
5.81
37.69
64.8
90.8
112.43
153.22
-164.15
-138.31
-125.56
-95.57
-62.18
-32.82
18.52
32.51
46.34
87.13
67.87
41.37
91.02
18.09
-61.04
-176.87
67.03
-61.64
-164.1
140.84
79.15
-34.46
-159.39
39.91
-44.69
129.25
69.99
96.04
-39.12
116.54
-41.18
117.69
-89.79
71.59
-44.38
110.61
-23.82
-155.03
-2.72
-155.83
49.65
-169.08
-73.3
18.34
177.41
66.95
118.39
100.9
154.62
-100.41
120.32
-138.14
-41.49
69.78
-119
-86.88
-43.87
20.51
95.18
150.88
-171.21
22.75
92.83
-156.6
-79.11
-22.61
60.89
135.2
169.9
-159.34
-113.14
-89.89
-76.02
-45.97
-6.49
29.65
57.11
88.02
117.93
137.1
165.86
-155.12
-120.68
-86.38
-47.34
-16.42
4.36
39.19
66.71
85.45
106.39
145.22
-172.97
-149.61
-128.53
-78.5
-63.78
-30.08
30.57
25.16
8.7
106.74
86.92
60.51
34
-31.02
-82.66
167.14
41.21
-58.52
176.86
43.02
34.82
31.13
-46.07
97.26
-20.56
-170.18
64.85
-91.82
109.91
-10.17
-164.13
50.74
-114.47
75.99
-53.85
114.68
-20.31
-160.19
13.8
-162.27
53.36
-144.81
-54.22
42.43
-59.86
61.36
145.59
42.9
127.71
-132.42
23.52
-166.9
-78.78
44.53
-171.25
-86.59
-19.85
29.63
74.85
133.44
-156.8
-7.71
99.84
-126.19
-48.38
8.64
53.14
128.69
173.88
-143.88
-104.86
-91.43
-75.68
-36.55
4.98
34.11
59.55
95
130.2
148.17
174.31
-151.68
-123.22
-92.83
-54.74
-20.36
-2.22
29.24
63.2
83.69
106.17
142.68
175.04
-163.53
-123.61
-71.74
-65.56
-20.37
20.25
15.65
22.86
73.29
83.31
56.39
20.19
-37.5
-91.39
-160.92
52.01
-46.42
-137.82
126.49
-151.81
35.39
-42.94
104.7
-19.14
172.06
41.28
-126.71
88.99
-50.29
152.85
21.3
-155.17
51.75
-71.11
97.92
-36
-177.1
7.1
-175.16
45.91
-165.66
-72.94
26.09
136.66
37.59
117.33
141.16
141.92
-165.84
-171.23
-158.37
-96.38
26.78
112.49
-113.78
-29.11
40.95
84.59
130.56
-159.08
20.66
112.67
-130.51
-56.53
-0.24
68.15
135.79
-179.12
-143.77
-102.17
-81.32
-67.7
-32.35
8.31
34.94
56.78
90.72
127.51
152.52
-178.09
-146.27
-120.44
-96.11
-61.81
-19.84
2.41
31.57
62.55
81.61
104.27
141.53
178.53
-146.65
-121.83
-88.67
-51.71
-16.44
-7.38
29.17
60.03
30.73
35.72
61.46
30.37
-0.87
-71.37
-178.79
76.82
-39.49
-125.87
155.02
37.99
-4.84
-35.29
42.24
-72.6
127.68
5.14
176.24
41.42
-110.48
105.22
-40.81
159.02
10.95
-119.9
59.35
-70.23
120.56
-76.05
141.05
-4.37
-59.94
-95.46
-6.16
68.15
76.77
87.13
134.35
153.84
115.8
-165.24
-94.72
115.54
-96.63
6.92
158.4
-56.24
19.83
86.22
150.28
-160.72
21.88
103.87
-139.08
-78.4
-27.6
68.68
143.31
-176.28
-148.38
-108.38
-81.72
-64.71
-34.62
1.08
31.38
58.5
91.53
126.04
153.68
-173.25
-137.21
-109.57
-88.42
-62.67
-27.09
-1.43
31.42
64.18
89.67
113.85
149.3
179.87
-148.3
-126.87
-93.62
-45.19
-24.91
-14
51.69
54.71
6.45
175.21
88.98
47
-5.39
-103.32
139.28
17.42
-100.2
-66.28
-136.73
88.8
-18.31
-43.03
73.59
60.94
101.8
-28.41
145.62
18.76
-143.91
64.89
-108.18
115.24
-16.21
175.76
31.46
-109.99
36.13
-111.02
114.44
-39.96
-48.88
-86.34
-10.65
58.1
71.36
112.89
91.34
151.88
-89.51
106.49
-134.41
-31.97
85.23
8.35
167.21
-67.2
13.79
72.35
148.67
-132.48
49.57
125.85
-128.38
-66.21
-9.77
64.18
134.48
178.31
-146.47
-106.58
-81.44
-60.39
-33.03
-3.35
27.58
60.32
91.95
122.3
149.53
-176.59
-138.12
-109.3
-87.19
-64.42
-33.88
-8.52
24.35
63.86
97.65
121.9
158.47
-178.92
-152.67
-122.33
-88.52
-62.65
-29.43
0.29
31.15
59.27
24.32
107.33
59.21
67.03
3.24
-86.93
137.32
6.47
164.94
-51.87
-158.07
77.48
-31.2
-127.71
62.95
-1.94
140.22
32.7
112.84
44.73
-29.43
-162.59
111.28
17.04
-23.77
11.3
32.66
-107.12
-34.18
-125.25
123.83
-37.65
-165.24
-83.1
10.45
128.05
45.5
141.02
-34.57
116.53
-123.19
90.61
176.91
-122.67
-54.78
33.27
-162.31
-40.5
21.92
56.71
124.13
-144.1
-9.06
112.56
-139.56
-62.3
8.13
84.46
143.09
172.76
-146.88
-104.18
-83.79
-65.52
-34.47
-0.66
33.52
65.58
90.56
114.57
144.01
179.82
-139.78
-107.32
-82.22
-60.11
-31.69
-6.17
24.71
59.86
87.69
110.62
150.92
-178.51
-149.22
-130.53
-100.54
-63.44
-19.74
-11.71
12.73
81.2
60.43
68.42
13.87
99.58
7.73
-88.72
149.6
56.07
3.6
-88.89
163.46
26.3
-117.06
73.92
-28.4
61.17
-136.48
99.83
-29.75
136.11
-1.97
-153.27
63.68
-96.67
98.55
-46.03
129.5
-25.02
-144.11
19.83
-179.77
47.87
94.83
-94.34
13.86
141.99
19.33
120.95
-135.03
104.92
-140.38
148.28
-134.58
77.74
-85.53
29.39
-179.81
-50.34
45.3
24.14
92.32
-159.4
-28.05
125.28
-122.85
-53.01
12.5
92.98
154.16
179.29
-138.1
-93.39
-76.96
-75.37
-41.85
-0.99
36.27
64.65
88.33
116.67
147.46
-179.47
-143.51
-110.39
-82.94
-61.74
-36.06
-10.08
23.72
59.08
85.98
106.21
138.46
171.51
-154.29
-141.4
-107.52
-56.53
-27.52
-18.44
65.91
72.46
76.75
80.6
31.37
80.36
-2.11
-111.15
124.94
-61.93
-29.83
-97.28
145.77
-16.76
-166.66
35.92
-94.59
97.9
-50.19
136.38
-24.58
152.69
3.98
-153.75
56.28
-115.46
78.19
-65.06
114.73
-29.35
179.45
5.63
-164.37
46.99
46.53
-107.99
-10.91
71.26
64.95
124.23
74.6
149.44
-73.37
93.49
-128.67
3.76
-146.27
34.09
177.29
-67.14
27.29
94.75
134.47
-117.59
59.07
144.67
-105.07
-51.18
-7
73.45
144.83
166.41
-145.04
-92.3
-61.89
-62.39
-34.17
7
34.95
50.78
81.05
121.46
152.39
176.41
-155.16
-124.18
-91.43
-61.23
-31.19
-6.56
29.51
68.06
92.91
110.68
144.05
174.98
-145.23
-125.66
-96.71
-60.01
-32.06
0.33
37.79
56.86
97.31
67.68
28.78
65.91
-18.63
-121.77
61.56
-91.33
106.79
-58.67
171.18
35.29
-104.7
24.13
-125.47
75.89
-83.12
126.63
-15.51
161.57
8.57
-148.42
51.5
-120.74
64.88
-84.48
100.75
-49.44
150.76
-20.12
-178.91
23.12
-72.11
-48.83
-1.83
1.13
77.34
131.75
52
137.8
-101.3
81.06
-146.43
-19.43
113.48
-37.56
-106.41
-34.99
23.53
75.16
146.86
-131.83
0.98
115.26
-129.76
-56.19
9.3
104.39
175.48
179.05
-152.31
-104.91
-77.49
-63.49
-28.68
14.82
41.89
52.67
79.23
120.09
149.04
171.19
-159.59
-129.33
-95.24
-56.06
-15.63
4.77
35.98
77.89
98.87
113.67
155.24
-176.38
-141.07
-118.69
-91.77
-57.65
-30.3
-0.21
34.63
44.03
75.92
43.51
-14.3
74.27
-23.83
-98.68
115.54
127.55
52.93
-63.63
-176.41
58
-63.53
106.87
8.48
-44.61
-174.04
99.53
-65.44
129.9
-12.48
-161.04
50.14
-110.58
78.03
-73.72
91.49
-59.81
131.32
-49.63
148.82
3
111.9
-74.01
17.48
92.71
28.55
105.92
173.48
81.44
164.27
-55.69
110.84
-91.93
18.87
111.81
-104.28
-2.28
55.26
56.54
126.96
-152.26
-49.9
98.67
-143.99
-68.51
8.37
103.92
165.51
-170.54
-141.77
-101.83
-89.83
-75.22
-39.9
1.59
35.79
62.34
89.66
120.6
145.12
174.04
-152.21
-120.58
-88.12
-47.94
-12.14
1.32
29.22
72.83
96.68
111.96
144.77
174.17
-152.88
-119.36
-92.76
-66.2
-27.16
-13.84
54.13
37.32
53.43
85.36
18.91
-7.43
18.42
-71.97
164.84
61.27
-65.92
-126.34
175.05
67.67
-61.85
105.74
-0.07
179.07
80.69
-68.57
159.38
68.45
-53.55
171.7
25.26
-122.34
70.72
-71.27
108.9
-31.52
154.56
-66.58
120.37
-6.1
145.67
-25.17
-0.05
56.42
77.47
76.55
146.16
-3.5
136.21
-125.76
47.34
-164.78
-32.88
72.78
-164.49
-48.98
29.22
84.02
157.38
-170.7
-85.69
95.02
-152.79
-75.01
6.92
96.92
146.51
153.04
-155.77
-103.56
-83.24
-70.3
-36.42
0.09
31.25
60.93
91.33
120.43
147.81
-178.53
-143.17
-110.29
-80.02
-49.02
-17.06
5.79
41.58
67.58
90.92
112.98
140.17
175.3
-147.52
-124.04
-105.53
-69.45
-14.54
-30.61
75.51
41.78
155.18
105.05
30.93
-81.51
17.92
-70.37
160.42
39.69
-86.75
120.73
-61.58
121.8
-4.62
-95.37
102.96
20.47
-98.84
144.2
85.07
-49.9
-54.6
122.11
18.96
-133.54
48.77
-78.52
103.74
-41.5
142.84
-21.89
167.22
59.59
-103.19
-6.57
155.3
13.01
103.94
91.35
91.12
155.48
-34.64
153.85
-121.22
-127
-32.81
74.14
-138.23
-59.23
18.59
89.69
153.83
166.8
-133.99
76
-161.9
-78.68
-0.91
87.74
174.28
-165.15
-157.94
-109.07
-76.27
-67.4
-38.47
3.63
35.74
54.81
78.9
116.53
150.43
-172.06
-137.07
-107.93
-84.99
-59.69
-24.73
15.51
45.15
59.31
86.04
122.02
147.81
-175.53
-151.73
-139.32
-103.25
-47.29
-17.7
-23.21
52.27
48.6
112.88
87.18
29.92
170.32
21.22
-72.28
134.39
9.69
-88.29
39.79
-100.15
109.29
-24.08
-136.93
79.99
-25.54
-175.28
69.92
-84.46
128.86
-0.87
-156
61.3
-110.8
50.78
-76.48
100.17
-55.13
123.48
-31.94
165.98
27.3
-137.25
-32.16
85.92
-70.04
64.61
158.71
48.44
139.89
-84
61.86
-150.86
-64.54
40
77.51
-134.18
-58.82
24.62
105.32
175.04
90.59
158.94
-73.62
-129.96
-100.96
-43.17
58.73
153.44
-147.63
-149.44
-107.03
-72.16
-56.78
-38.15
4.23
44.33
55.76
75.36
115.42
149.36
-178.25
-139.49
-105.67
-79.95
-60.36
-30.75
4.16
33.56
54.91
83.74
113.1
140.95
-172.87
-147.67
-129.68
-77.96
-62.13
-21.68
20.28
12.25
126.79
89.86
45.87
-162.62
120.02
66.68
31.06
-65.87
-165.95
19.13
-89.52
161.97
10.23
-124.02
67.38
35.24
-73.27
144.87
19.65
-131.82
86.86
-55
155.78
14.75
-142.74
52.04
-90.29
93.35
-58.53
121.27
-52.03
143.26
-7.16
164.32
-60.88
51.41
169.82
34.3
108.43
169.39
105.84
-121.84
100.66
-142.27
-11.48
147.59
-58.09
108.87
-75.1
12.63
84.44
148.21
-107.57
82.62
155.14
-100.6
-44.23
-68.35
41.07
148.76
-134.66
-173.53
-129.03
-78.65
-52.57
-25.11
9.15
38.11
62.73
91.31
133.5
158.61
176.6
-147.81
-107.13
-73.19
-53.89
-33.78
4.18
39.42
54.44
69.79
98.84
139.8
-156.38
-134.64
-128.95
-84.95
-67.92
-30.62
21.34
13.95
86.03
57.67
21.76
179.51
73.59
20.75
-3.71
-107.97
148.1
12.45
-119.65
110.75
-45.84
139.07
12.94
-115.23
87.2
162.11
24.14
-174.88
50.11
-96.91
114.1
-31.35
175.65
22.82
-133.27
64.71
-85.1
97.58
-68.99
131.8
-22.16
-18.64
66.38
-20.38
61.58
5.39
84.46
159.16
161.7
-88.96
115.09
-132.56
-1.59
113.23
-53.32
-1.24
-10.01
30.29
56.42
107.93
-163.77
-5.6
103.99
-146.16
-58.94
-14.56
45.7
149.4
-140.14
-112.8
-116.72
-86.76
-57.72
-15.44
12.26
21.34
49.6
91.04
135.33
162.32
177.2
-152.55
-111.11
-71.52
-45.45
-22.81
13.68
36.3
41.32
55.84
106.04
143.59
-151.46
-137.13
-145.02
-63.78
-50.82
-58
10.55
36.45
-4.71
70.19
63.12
-62.76
63.29
-47.53
-179.12
71.69
-43.64
-46.37
-145.65
70.43
-81.89
100.82
-29.18
176.05
31.07
-142.71
68.38
-89.93
75.13
-106.63
82.13
-82.68
139.99
-18.95
179.41
28.12
-124.5
66.41
-91.48
108.42
-47.24
-21.48
47.63
-64.09
53.73
134.01
43.05
99.61
130.83
-138.75
11.45
172.08
-95.89
-7.28
77.91
-159.17
-44.98
50.6
141.53
58.11
151
-113.74
58.58
-162.94
-96.24
-75.33
1.95
121.74
179.22
-162.85
-128.61
-90.53
-63.54
-9.54
31.33
28.96
43.81
78.06
116.24
144.85
163.39
-165.41
-124.6
-81.95
-47.45
-17
13
29.51
45.47
79.83
107.54
123.01
-139.16
-137.72
-149.82
-52.89
-51.22
-61.86
-3.79
21.32
-47.99
119.86
35.57
-79.07
86.18
-54.64
149.86
28.94
-111.84
139.04
-45.56
-138.28
-142.24
77.64
-46.6
123.65
-9.39
-179.68
40.3
-123.17
79.42
-63.23
152.02
-56.03
91.5
-66.92
139.33
-12.1
-168.91
18.68
-137.15
69.02
-86.5
-135.95
20.65
-83.55
36.22
54.96
119.39
147.97
34.35
109.21
-107.19
-0.08
122.52
-111.93
14.2
135.73
-88.83
21.17
98.21
131.4
168.16
150.71
135.57
-104.86
-30.73
-105.81
-35.31
95.18
156.13
178
-128.55
-93.22
-82.16
-28.84
20.38
38.78
49.87
84.43
125
157.14
173.7
-176.57
-141.29
-95.76
-54.53
-14.88
14.96
38.16
69.7
89.07
97.21
116.94
-144.72
-142.38
-138.33
-72.9
-57.89
-65.36
-40.19
5.25
-61.33
139.8
5.58
-153.65
36.66
-81.78
128.26
-5.09
-168.81
50.78
-101.2
139.44
-20.67
114.43
-5.6
144.34
-20.91
148.87
-12.71
-172.8
41.93
-100.89
107.47
-32.82
159.34
-13.76
112.47
-69.79
114.87
-33.78
172.1
25.23
-138.49
-151.82
-29.5
87.52
-109.9
62.28
71.81
148
123.54
-72.5
43.25
-165.4
-33.64
106.17
-95.28
27.46
178.14
0.7
67.84
130.06
-173.58
-34.29
92.83
-142.88
-64.6
-120.07
-51.35
22.95
84.82
145.29
-139.69
-72.52
-89.02
-47.18
9.53
50.29
59.99
87.24
129.31
164.2
-166.08
-155.94
-129.73
-88.2
-50.24
-15.01
11.2
34.71
66.91
91.27
108.84
135.24
-171.1
-143.85
-114.34
-90.64
-80.25
-106.74
50.07
-13.66
-98.39
148.34
-13.72
166.3
-13.46
-145.34
79.41
-32.66
134.65
-23.19
-158.74
76.77
-76.83
113.57
-32.96
174.64
25.84
166.19
-17.53
136.3
9.58
-164.08
49.05
-105.93
100.4
-38.55
163.63
30.53
-9.47
-53.8
112.6
-35.42
158.79
91.08
-66.6
-173.09
-8.54
90.11
45.65
39.2
99.31
-154.15
-13.73
121.49
-112.23
26.64
110.52
-129.74
-36.87
43.65
128.48
139.94
130.91
-143.6
1.54
59.59
-124.53
-108.05
-53.09
-49.49
21.4
93.85
174.41
-116.98
-93.69
-53.2
4.22
61.21
78.19
95.55
125.36
164.95
-153.68
-150.62
-130.36
-89.65
-55.73
-22.96
11.22
37.23
63.29
86.51
104.29
134.88
179.6
-162.75
-150.91
-122.46
-90.29
-143.1
3.13
-61.81
-159.38
52.9
-62.59
165.82
71.47
-61.17
-19.69
-122.24
66.24
-117.81
132.58
-18.89
-154.62
68.29
-76.61
129.05
-7.95
-175.31
37.32
-133.49
29.26
63.62
0.65
-155.73
55.63
-83.07
93.27
-25.04
160.66
21.58
-111.17
-167.73
68.18
-128.48
22.45
128.95
-8.13
103.65
56.87
163.13
1.96
99.38
-111.11
11.01
92.12
-156.85
-28.84
98.95
-92.63
11.48
114.6
-116.89
57.82
148.04
-110.76
-4.92
116.77
-140.18
-64.79
25.34
-10.78
49.48
135.35
-150.89
-104.68
-93.13
-30.92
29.33
84.78
101.79
125.04
168.24
-145.55
-162.85
-152.04
-105.41
-75.06
-41.11
2.07
27.19
46.19
61.77
95.98
177.02
-176.25
167.39
158.25
-161.08
-78.49
-80.93
-48.12
-110.78
144.38
10.57
-107.68
121.31
9.03
-108.41
156.68
58.36
-16.49
-177.28
61.93
-84.31
137.64
6.75
-138
75.07
-63.48
137.23
-10.11
168.59
22.94
-119.14
82.92
-30.86
-89.54
-128.56
35.63
-111.18
102.77
-38.57
173.44
24.55
-40.7
-151.19
-5.2
1.06
21.38
175.88
-0.86
118.69
-95.35
26.7
160.09
-92.37
-3.89
107.04
-131.09
-18.16
136.88
-5.92
76.07
160.49
-80.3
100.92
-156.63
-56.07
27.86
131.79
-137.31
-40.5
26.38
25.64
101.31
-154.59
-79.95
-153.54
-64.33
10.65
62.41
90.49
108.6
170.07
-145.74
-140.79
-129.63
-93.63
-83.3
-58.63
-20.63
6.7
39.52
70.95
151.07
178.61
175.69
161.77
166.97
171.55
22.92
32.55
-42.59
-131.2
110.98
-21.39
-153.72
78.74
-53.44
166.12
45.54
-24.12
-136.19
143.16
19.62
-147.6
76.3
-51.76
160.62
27.07
-132.09
79.46
-69.9
124.81
-20.66
-178.79
42.37
-112.47
89.97
-32.3
-48.69
152.12
26.32
-117.93
96.16
-39.03
142.59
-179.9
15.69
-177.05
-5.85
119.27
-99.09
46.2
151.9
-122.32
8.11
98.81
-113.86
6.18
111.39
-123.09
4.08
13.91
73.88
132.71
175.44
-40.38
87.13
-141.05
-64.33
31.93
123.68
-126.49
-59.15
-13.74
62.6
154.59
-123.89
-38.55
25.09
30.65
40.87
77.73
122.2
171.17
-168.94
-149.35
-115.15
-88.77
-75.75
-57.44
-22.85
59.11
92.35
106.05
130.49
149.17
148.52
130.43
141.81
138.23
19.45
-34.83
-81.96
-153.08
105.3
-10.39
159.07
40.98
-69.36
68.47
-60.89
166.4
49.73
-57.32
-75.17
-177.94
35.26
-97.74
101.39
-46.78
161.11
20.31
-125.88
83.53
-71.45
125.17
-18.56
175.3
23.36
-115.99
95.3
-43.23
140.79
113.92
60.72
-116.86
83.02
163.82
-27.14
124.98
-85.27
32.94
155.6
-147
22.86
106.01
-117.43
11.87
130.79
-63.41
50.36
-162.22
-41.6
26.14
81.89
136.88
133.03
-172.59
-13.39
98.99
-154.97
-60.87
37.55
146.52
-145.27
-82.02
-3.81
70.21
124.07
-175.84
-29.91
2.4
5.73
37.02
111.86
147.24
164.34
-156.24
-126.24
-116.71
-91.5
-53.34
-9.23
47.3
74.26
89.58
95.14
102.99
85.08
12.75
-116.28
154.58
112.73
-47.61
-160.81
132.69
47.58
-48.43
142.66
-8.2
-118.85
115.12
-143.06
86.42
-31.62
-147.08
61.98
-122.32
57.19
-52.29
93.94
-16.77
90.82
-35.38
165.54
16.66
-130.73
74.24
-75.17
123.68
-21.86
177.58
28.43
-122.22
86.11
-55.4
87.21
78.01
33.73
106.34
-89.92
38.61
120.85
-24.6
14.8
95.55
-149.34
-3.96
137.54
-85.08
16.8
133.86
52.17
115.87
-16.72
-4.63
44.94
109.94
153.37
128.33
-148.68
-33.43
103.06
-131.71
-31.33
62.69
159.13
-140.23
-78.98
-97.4
-8.85
76.82
-94.73
-47.95
13.51
140.42
178.82
119.6
151.39
-126.24
-102.82
-125.76
-97.98
-73.73
-58.59
11.34
45.56
53.25
31.66
3.29
-53.14
-113.27
-170.88
120.22
46.39
-32.59
165.83
54.15
-37.99
-150.31
95.12
-41.31
146.98
49.19
-87.98
157.98
-104.32
106.54
-19.78
-147.44
67.56
-63.67
130.39
19.33
-79.65
74.46
114.9
-36.16
168.11
26.14
-123.2
74.76
-82.25
109.03
-25.26
-179.74
20.95
-124.08
87.55
-52.25
120.51
16.1
131.41
-40.42
-8.59
81.15
-128.7
2.28
131.46
-90.93
54.37
-177.12
-118.03
-3.73
144.46
-153.08
-22.34
53.99
-153.86
53.52
-161.25
-27.19
87.31
179.91
-0.1
-163.54
-70.15
10.93
102.48
-102.86
50.9
148.45
-137.68
143.87
-174.45
-115.82
-11.08
71.54
102.86
44.72
85.37
159.38
-173.94
-162.57
-114.36
-109.81
-108.34
0.76
21.34
14.34
-49.98
-101.49
-145.8
165.5
116.48
49.22
-30.39
-106.48
102.08
-21.04
-122.24
124.27
17.67
-108.52
103.82
-24.32
-168.2
77.76
-43.57
-144.97
-89.96
135.06
22.99
-106.37
79.73
-55.45
154.3
29.39
-128.94
61.71
29.3
-97.67
154.92
36.66
-141.91
54.63
-87.15
110.77
-29.2
173.49
26.47
-125.41
74.71
13.57
-22.67
86.6
-146.45
0.54
134.77
-86.23
45.44
163.16
-80.41
68.92
-60.72
-74.75
45.3
138.41
-94.73
12.52
125.41
25.25
103.04
-157.97
-23.45
-15.7
21.8
113.67
-151.67
-56.74
61.43
-173.96
-38.15
41.42
100.06
48.72
99.33
161.92
-82.81
-1.06
-69.71
-58.76
-8.05
64.13
39.44
18.64
-166.44
-155.66
-126.05
-53.74
-35.12
-24.22
-146.07
-177.27
137.04
95.26
52.23
-12.86
-111.44
104.19
22.25
-68.98
-172.02
41.35
-61.24
178.74
43.36
-80.19
129.26
2.11
-125.38
104.21
-17.84
-156.62
-50.31
156.84
43.06
-118.51
89.02
-49.29
-179.45
29.41
-112.52
93.7
-16.38
165.96
81.23
-17.47
-143.68
43.51
-107.06
102.08
-49.56
159.25
12.94
92.66
-128.36
11.88
139.34
-81.1
37.23
176.68
-35.77
-3.39
49.01
-136.19
-32.07
118.7
-132.49
-5.81
156.25
-81.05
54.05
161.23
-12.86
48.26
128.01
-147.34
-68.6
21.27
95.41
-157.18
-37.98
100.7
-153.66
-62.87
2.65
-21.25
-0.62
75.94
-125.17
-43.98
139.03
-164.39
-131.43
-150.55
-119.37
-116.16
122.14
129.12
148.08
165.65
-142.11
-96.9
138.64
100.53
69.2
50.64
-5.36
160.91
103.31
10.65
-57.36
-163.23
123.99
11.28
-169.44
75.24
-35.36
-169.34
90.22
-97.69
130.8
13.81
-101.34
150.42
58.54
105.84
4.06
-161.17
39.26
-118.93
86.06
-38.7
154.54
29.71
-112.61
111.93
15.91
143.78
79.07
-35.15
161.87
5.95
-129.6
79.97
-55.94
7.26
133.23
-89.51
31.76
118.48
-57.01
26.96
109.88
-126.16
16.38
100.77
-129.43
14.92
140.96
-81.09
50.87
168.41
-27.31
84.33
177.6
-72.64
13.85
105.57
139.2
-119.82
-31.86
80.38
-155.38
-14.87
87.92
173.44
-114.54
153.3
-129.95
-63.89
-161.33
-83.94
28.73
65.32
47.51
89.74
134.85
65.34
24.72
19.7
29.16
28.03
9.52
-60.65
1.87
10.47
-21.97
-16.08
-46.04
-104.7
11.59
-60.45
-154.46
116.7
32.3
-50.68
136.81
-14.18
-130.31
105.92
4.79
-121
34.51
-74.23
160.9
45.96
-67.23
164.26
8.29
126.61
-11.57
-151.83
46.58
-88.88
89.27
-49.19
152.62
25.41
-98.14
76.98
-18.78
175.45
65.04
-125.04
150.44
-4.87
175.98
-115.96
15.39
139.31
-69.33
48.28
151.52
-38.29
20.32
-175.6
-90.18
67.58
-168.77
-46.91
46.71
-169.51
2.08
73.87
-174.53
-24.81
71.61
177.51
-74.89
-92.1
-5.13
99.83
-140.51
-15.93
94.34
-150.18
-22.59
97.57
167.17
-26.35
49.89
60.17
123.64
174.57
154.81
-128.91
-75.24
4.94
57.3
-160.95
-96.74
-97.87
-108.68
-94.01
-101.69
-133.94
-110.65
-94.75
-124.72
-179.86
83.93
97.54
-89.14
-128.58
118.36
1.42
-67.83
-175.07
93.24
-33
171.53
46.25
-88.87
171.8
-62.41
178.53
49.52
-53.95
179.64
55.56
-73.58
141.13
-12.32
142.33
37.27
-134.82
82.62
-106.11
98.84
-47.89
135.12
16.84
-133.65
72.39
-111.7
92.38
-19.96
166.62
70.5
135.63
-80.77
62.7
140.5
-41.43
6.65
78.74
-152.73
41.34
135.03
-32.48
85.14
152.99
-41.45
96.42
-158.53
-18.31
88.94
-153.02
-25.59
120.32
5.79
113.82
-140.51
-17.98
79.44
-147.41
-19.86
99.21
-141.67
-34.35
90.12
167.99
-46.79
-18.19
41.58
22.83
24.42
84.82
160.01
-101.15
5.18
81.5
125.77
115.89
121.54
151.77
143.18
125.94
107.59
115.33
98.52
-2.46
-7.8
-9.06
-154.46
105.1
45.01
-50.84
-119.67
85
19.86
-86.9
-178.93
155.62
140.03
42.06
-75.18
89.55
-54.47
178.35
62.82
-39.5
-169.18
76.12
-25.21
160.97
11.81
-151.95
99.23
-47.34
28.66
-133.87
74.75
-43.14
168.92
16.62
170.9
55.64
-113.52
112.71
-60.6
61.22
166.28
137.09
15.24
83.26
-56.11
9.88
169.7
-21.55
107.37
177.71
-27.15
40.01
-179.1
-28.54
100.22
-119.21
7.46
119.88
-64.25
110.64
-127.56
-5.01
107.34
-149.31
-14.13
99.89
-130.99
-4.51
138.04
-117.52
-37.88
92.91
-174.64
-78.28
75.75
168.53
-94.68
-16.38
61.27
165.77
-81.64
-57.02
-18.98
-18.41
-12.69
17.67
0.18
-14.46
-8.39
-6.95
-47.24
-121.77
-158.09
170.23
78.09
24.77
-40.71
-158.55
87.38
31.02
-162.32
134.78
73.2
-6.44
-30.29
-61.61
-167.19
95.58
126.08
73.09
-34.44
-157.34
81.43
-17.86
-151.98
55.27
-43.81
141.2
4.31
-56.79
-21.15
135.79
15.48
-123.2
88.37
-53.28
133.96
-25.86
-139.64
41.12
-108.38
-104.24
31.76
132.28
-126.24
22.52
-178.04
-37.56
90.48
-166.98
-59.7
76.84
177.97
-43.17
83.52
-141.21
9.18
132.32
-91.41
45.68
-109.84
16.77
123.4
-127.31
-15.46
101.89
-124.73
-0.25
124.34
-62.59
50.92
125.23
-101.82
64.25
99.75
-167.12
-13.87
78.44
159.14
-129.82
-49
75.77
125.91
166.94
156.09
-140.82
-133.47
-103.11
14.07
-179.38
-120.57
-154.44
158.54
62.18
55.06
42.46
24.05
41.75
131.83
36.62
25.26
-178.23
174.57
26.12
-58.49
-163.89
141.98
54.66
31.59
-33.18
-168.26
20.79
173.04
78.43
-28.76
-174.72
64.33
-45.03
160.03
21.96
-72.87
101.91
19.22
-63.09
127.16
-167.79
95.52
-138.91
66.61
-16.27
96.14
-19.79
-158.67
133.76
-72.39
19.68
163.01
42.28
-100.7
86.57
-86.81
62
-171.29
-50.33
67.08
-156.36
-13.46
128.73
-99.27
35.24
-165.43
24.81
120.73
-110.59
9.24
114.34
-121.4
-0.46
118.15
-135.22
64.2
-130.82
-48.12
7.11
166.95
-48.18
31.63
99.42
-156.18
-31.49
54.24
131.05
166.5
-56.45
-68.47
46.61
58.53
61.08
65.78
60.58
-7.88
43.52
120.35
86
45.48
-43.95
-76.85
-101.1
-159.45
50.48
19.62
-87.72
-121.32
72.32
5.15
-105.81
161.01
85.35
3.26
-21.31
-73.33
175.5
94.24
5.08
-39.59
-75.38
170.63
68.05
-37.37
-155.36
77.77
-46.72
178.61
17.21
-98.46
95.2
-1.18
135.46
-35.58
110.51
-15.26
120.54
59.17
-31.22
50.32
75.06
139.96
73.52
-62.98
103.31
168.82
43.95
-178.87
-19.69
79.94
-162.66
-15.24
120.58
-123.59
5.57
149.85
-113.54
121.14
-90.7
26.33
139.87
-103.65
17.15
120.98
-114.76
-6.6
137.54
51.41
116.5
-153.29
-61.56
94.34
175.5
-91.56
9.49
118.63
-171.66
-84.58
16.88
38.51
130.07
172.56
-153.31
-75.38
-64.9
-28.32
149.68
161.37
140.39
90.98
13.24
-0.22
131.01
78.9
114.25
114
21.88
-40.23
133.28
54.02
16.82
-89.62
-140.14
1.67
-2.8
-161.83
60.22
-97.59
106.1
-6.62
-118.68
124.3
86.4
30.36
-28.13
-152.22
81.49
-15.19
-153.59
72.79
-73.4
153.48
31.37
-132.06
99.43
-33.64
96.72
19.48
59.14
-2.62
-179.7
23.09
175.06
-49
69.82
-113.55
50.19
110.85
-26.55
85.3
-169.86
-19.92
106.34
-114.75
29.61
143.86
-50.4
75.24
-84.9
34.36
154.89
-94.28
14.65
149.67
-92.35
11.08
117.57
-170.04
-171.97
-83.06
31.82
91.26
-147.36
-35.56
49.48
142.53
-156.85
20.33
95.22
136.18
-164.85
-109.74
-48.72
67.65
54.2
108.72
166.56
-116.47
60.18
51.8
68.2
109.31
145.82
77.41
-3.3
-24.12
-27.74
11.88
-45.43
13.31
-16
-68
-153.24
99.41
-21.2
-131.81
112.68
48
-19.99
-94.81
177.55
-138.4
124.97
23.46
-69.81
-103.94
158.1
66.88
-21.42
-156.89
92
-31.93
-176.47
77.68
-69.34
123.48
8.84
-106.75
53.43
-79.25
59.82
-38.93
120.66
35.52
89.26
170.57
-47.44
155.03
-41.22
82.93
-151.39
-15.9
111.35
-112.92
9.41
151.08
-90.41
56.49
-134.59
43.82
169.81
-84.41
37.16
144.5
-97.04
19.34
135.98
-94.68
-33.15
14.16
50.16
138.84
-139.68
-27.14
117.94
-163.79
-69.31
10.82
124.6
-99.72
3.34
27.48
24.73
105.99
129.18
-167.25
-72.56
-8.75
35.87
-88.21
-79.31
-126.07
162.09
91.67
67.31
17.61
-106.15
-163.09
126.48
58.97
78.78
58.1
-72.3
145.56
70.19
14.57
-175.92
159.79
38.35
-79.84
-166.47
128.26
63.08
45.4
24.88
-88.12
177.02
67.9
-7.38
-65.18
-159.52
89.71
-13.24
-133.44
97.56
-52.54
-161.42
34.58
-71.84
160.09
13.22
-118.62
55.39
-100.5
86.96
-16.02
-37.29
84.51
12.4
84.14
-150.81
3.11
94.95
-120.95
8.05
134.28
-70.76
47.41
-177.91
0.15
134.66
-72.55
48.83
156.34
-87.78
35.16
150.97
-89.07
16.59
83.39
-178.04
-153.21
-75.08
20.33
99.06
-169.85
12.29
65.06
146.47
-119.84
55.94
136.36
-136.28
-95.08
-88.7
-30.2
18.7
71.36
133.53
-165.34
127.27
175.33
84.72
75.24
65.26
5.34
-12.99
-47.58
63.73
38.88
-14.04
-85.37
66.44
35.46
23.74
-0.42
-52.63
-109.12
122.11
59.28
-138.9
138.78
68.38
12.49
-66.83
179.67
95.09
58.13
30.2
-32.39
-140.32
134.12
56.88
-19.87
-141.16
84.2
-17.53
-151.91
72.34
-41.71
-161.11
49.18
-110.04
128.26
5.4
176.19
103.1
-57.61
-129.01
59.11
165.29
-38.81
93.69
-163
7.52
118.51
-105.35
32.3
165.65
-49.43
103.48
-121.19
60.42
168.66
-64.97
41.53
150.81
-87.55
47.91
144.28
-138.21
-49.94
-7.09
78.46
170.57
-111.66
9.76
86.86
-150.93
-53.99
47.24
136.47
-41.56
3.82
18.8
69.89
108.24
150.38
-137.08
-37.26
77.28
-14.64
69.77
21.01
-36.44
-30.95
-71.1
-163.36
176.31
126.52
171.72
-79.79
-166.81
107.39
13.22
-101.51
164.26
149.46
158.17
68.96
28.82
-46.77
84.49
31.8
-85.88
-147.84
79.47
69.21
34.35
-76.81
-117.69
155.09
78.05
-24.69
-137.47
131.65
91.71
-2.41
-127.72
106.39
-5.61
-167.95
79.08
-27.89
159.58
30.36
-63.01
135.16
-31.25
35.03
44.85
-58.29
77.73
-140.99
-10.42
128.86
-87.16
26.93
144.19
-70.82
70.62
-137.44
32.68
158.34
-71.32
55.91
176.36
-74.87
42.09
135.27
-91.62
-29.04
65.77
93.05
-171.23
-66.97
25.61
118.26
-166.63
3.66
76.47
161.91
-87.95
112.7
-98.1
173.63
-105.97
-63.99
-24.85
10.04
67.28
85.29
164.53
-140.86
-5.72
120.02
-176.21
145.3
107.67
54.63
18.64
-15.79
85.02
110.49
37.78
-39.92
-176.93
89.26
27.91
23.38
-30.36
-77.06
-152.72
121.77
56.25
0.2
151.09
43.83
-16.26
165.61
154.32
110.17
75.34
16.81
-75.37
-172.24
101.83
-8.12
-121.79
-135.46
80.59
23.13
-122.24
104.02
-33.18
-172.46
69.75
-54.19
166.73
10.02
-102.45
116.74
71.22
-139.64
-7
105.38
-107.32
9.03
155.2
-73.34
90.15
-136.04
20.92
155.62
-67.4
64.56
177.25
-48.92
59.77
161.97
-55.3
22.09
102.54
103.84
-94.85
-21.6
80.86
153.41
-98.79
9.73
101.43
-138.81
-26.6
35.94
111.9
-43.23
-25.25
10.34
71.51
136.47
-168.44
-107.16
-57.21
-24.62
55.07
105.03
31.46
56.04
16.94
9.56
-54.57
-114.8
-164.74
149.93
64.7
73.14
-67.75
145.42
96.54
36.86
-57.42
147.62
132.94
140.43
55.59
-9.96
-41.62
79.98
14.45
-81.65
-171.66
79.17
9.88
-47.93
-130.12
-130.04
133.26
63.07
-34.71
-138.3
127.86
31.7
-41.74
-166.59
84.53
10.79
-102.26
94.31
-13.12
-176.85
46.36
-63.84
152.03
-18.75
-12.56
119.92
-117.63
-6.1
137.29
-76.53
46.46
-152.55
11.78
92.49
-81.05
54.33
-177.65
-41.61
66.36
179.96
-70.25
31.19
113.68
-176.72
-43.9
-1.43
140.76
-145.02
-43.77
49.02
93.19
-167.21
4.95
99.21
170.21
-82.34
-19.63
33.44
176.11
-97.36
-70.45
-4.39
3.48
75.22
116.13
-149.97
-79.34
-57.28
-44.11
-67.49
-144.36
107.26
118.85
87.2
63.02
35.41
9.23
27.91
58.42
36.02
11.75
162.25
94.39
43.57
15.37
-21.66
-77.89
-135.68
121.03
18.2
-132.22
112.27
59.88
-42.11
-151.64
139.17
69.91
44.79
38.21
-49.73
-171
76.85
29.63
-98.54
149.32
35.89
-21.2
-171.19
66.94
9.93
-150.08
89.53
-21.62
177.93
49.48
-47.6
-114.25
9.66
121.65
-92.23
46.34
-179.1
-9.36
103.25
-90.93
54.58
168.74
-39.49
70.1
174.81
-63.22
30.97
137.71
-107.71
-28.54
55.13
159.36
-90.34
-7.08
77.75
158.72
-146.49
-12.09
74.02
-142.98
-4.8
59.22
105.42
-75.33
57.7
26.48
62.58
134.96
-171.14
-150.3
-44.44
25.27
86.31
55.96
73.15
153.37
105.24
21.63
5.65
-20.87
-52.09
-58.59
-89.4
-158.36
88.5
-115.92
-102.8
147.79
76.08
-24.98
-120.18
-133
140.4
97.22
72.51
25.03
-75.51
175.28
17.77
-101.12
152.54
87.09
12.36
-70.77
-152.71
53.84
115.25
71.3
-17.33
-132.29
107.17
31.86
-73.53
175.71
54.99
-36.68
176.33
55.75
-2.67
-61.28
58.49
-58.22
165.35
84.44
-108.89
15.75
150.1
-40.23
79.04
-103.16
32.1
158.32
-44.92
73.81
-179.95
-44.88
55.07
148.5
-76.28
7.26
90.71
177.62
-86.96
10.9
118.55
-148.27
-44.93
13.02
89.1
-152.81
-8.14
91.62
123.8
134.63
122.76
-0.46
97.53
-174.11
-41.28
-5.94
33.33
92.23
133.92
-123
-65.06
-98.95
15.25
34.26
79.54
78.62
-122.01
-179.76
147.8
114.69
109.4
67.14
45.79
95.59
83.08
36.56
-10.88
151.05
101.09
70.11
1.89
-47.38
-98.79
-136.28
85.95
54.58
161.6
106.63
25.76
-27.82
-116.12
150.49
62.74
17.62
-22.45
-73.86
161.47
89.75
21.04
-59.15
161.81
60.45
-29.72
-160.26
67.72
-18.84
171.34
72.58
-5.51
-131.65
78.37
17
110.71
-89.31
33.83
-144.01
6.34
163.27
-54.51
75.03
-163.04
-38.73
58.86
-177.25
-67.49
37.23
111.94
-73.54
-11.4
54.72
142.01
-119.6
-37.16
35.58
142.52
-124.36
9.15
98.69
-149.26
-9.73
120.09
-96.43
-137.72
-52.31
11.99
7.97
53.01
175.07
-137.98
-16.71
30.17
174.71
86.75
67.09
-121.04
-86.78
84.25
19.31
70.64
30.92
11.45
-45.37
-31.46
-41.33
-120.45
-23.65
-50.75
-73.13
-176.86
36.8
-31.3
-67.2
160.44
142.62
104.62
35.19
-22.89
-116.25
76.72
-27.04
-149.87
148.78
69.07
32.44
-72.7
-134.89
112.3
46.01
24.38
-11.75
-108.14
114.62
27.16
-90.8
-168.81
79.48
-21.5
-161.33
96.27
-0.05
147.48
71.44
-15.38
-66.98
18.7
-148.49
22.71
130.21
-88.56
58.24
176.29
-55.7
71.9
-174.62
-53.42
50.32
126.7
-105.21
21.7
72.31
155.15
-94.07
10.41
96.16
168.65
-89.25
2.21
116.44
-178.9
-5.51
77.85
-102.07
112.56
91.93
22.82
175.62
-169.95
-129.2
-35.51
33.64
104.78
162.77
-167.43
151.86
-0.76
13.35
143.63
127.15
83.27
-124.57
-19.83
-87.17
-169.28
162.42
131.15
73.43
90.25
65.46
42.33
40.03
34.68
-121.01
168.81
97.01
-2.91
-136.98
5.66
-95.09
-174.04
81.8
-12.4
-145.16
83.68
-16.03
-110.84
-145.8
141.66
50.27
29.48
-86.56
-144.25
130.11
54.73
-7.58
-111.08
131.93
20.67
-41.64
-169.15
86.05
-18.76
-178.54
98.43
-4.93
-165.63
141.53
-26.65
71.38
-98.31
31.36
157.38
-54.21
63.92
-162.53
-56.42
69.71
178.24
-83.08
27.5
85.2
67.43
69.25
25.19
66.34
159.58
-26.65
34.31
138.09
-133.29
1.28
90.81
-124.17
-15.12
86.76
88.32
99.74
87.99
-22.5
75.78
72.24
129.03
-111.74
-15.38
16.83
41.19
86.41
115.32
53.13
-10.25
18.88
115.81
158.05
75.78
96.77
57.42
10.87
-20.68
-52.66
134.06
-22.75
-28.39
-84.69
-130.17
56.29
26.66
-2.47
-94.03
149.31
79.16
14.82
50.98
-24.18
-157.24
98.82
-2.33
-136.01
116.76
59.72
-22.97
-95.36
-117.16
112.25
39.84
4.05
-77.93
168.67
75.19
22.96
-140.58
148.98
76.34
-54.77
-142.37
77.99
-43.37
-179.27
5.88
66.17
-83.6
-4.58
173.12
-32.59
68.46
-176.01
-45.43
71.24
-168.87
-61.65
52.06
128.9
-146.86
-72.77
-3.45
119.59
175.57
-38.33
47.28
166.71
-76.72
10.68
118.15
-140.78
21.76
73.69
175.63
-41.92
172.62
108.99
69.59
138.15
-88.96
-82.53
7.59
91.82
169.39
26.9
-141.81
-22.77
48.81
-31.81
40.5
37.13
50.55
129.79
-37.48
78.83
-163.25
-175.56
140.37
96.5
99.98
39.19
109.67
80.19
54.17
-56.35
-112.85
-158.52
92.51
21.74
-30.97
-170.08
-92.05
159.01
98.65
47.58
36.16
96.94
18.97
-106.94
179.96
107.58
58.61
14.51
-59.48
-145.47
91.53
10.33
-8.66
-147.58
104.55
22.71
-123.16
153.66
80.14
-4.75
174.86
73.29
-75.45
14.84
71.64
-96.98
44.69
165.72
-37.87
74.72
179.76
-49.01
49.21
162.82
-84.01
1.65
31.66
155.18
-129.07
-18.12
72.03
162.56
-56.43
25.72
143.32
-133.53
23.75
125.67
-44.89
24.75
36.57
77.08
124.82
104.72
-4.2
16.45
92.38
146.33
179.61
-55.07
-6.92
2.92
53.39
45.15
-121.71
-178.91
132.62
-136.45
-161.52
58.04
-88.35
49.33
54.12
40.27
-22.89
-39.04
-87.32
8.12
153.04
32.06
-66.25
119.3
132.82
41.71
-94.66
-105.81
145.6
80.47
-2.77
67.79
-53.56
124.24
40.04
55.35
-124.33
106.82
35.33
-65.34
151.57
83.02
110.02
29.83
21.76
-100.34
166.67
66.57
-16.39
-122.69
80.02
41.98
-31.98
160.86
82.57
-26
-160.22
-70.17
83.31
134.6
-63.74
51.74
-162.17
-32.71
72.66
161.47
-53.44
18.93
101.91
-174.88
-73.83
16.75
94.69
-178.66
-47.94
62.32
159.09
-80.9
5.3
120.1
-30.81
56.97
111.37
-33.48
25.55
37.1
-30.25
29.25
93.24
164.39
-48.5
19.12
62.91
42.8
79.64
-136.51
-22.51
-70.38
60.59
44.72
5.39
50.47
94.96
53.85
-147.88
-154.83
-85.96
-143.88
-161.55
150.46
57.03
56.25
63.43
72.96
126.25
1.58
24.79
-169.11
-153.63
75.25
10.74
-40.24
-171.6
75.29
96.87
49.87
46.24
-72.03
65.9
11.58
-92.95
146
97.41
24.83
75.91
-37.86
-118.1
88.19
12.25
-91.65
126.33
82.63
-35.43
-114.62
85.36
40.97
-46.56
176.11
117.48
135.99
-79.89
32.4
169.71
-38.18
52.71
-165.33
-66.08
59.5
116.87
166.09
-53.89
25.31
86.68
-108.14
-39.68
55.96
-177.55
-71.41
20.33
109.04
-153.08
39.07
-174.83
82.54
13.14
18.14
52.82
29.67
-166.83
63.91
-14.43
66.5
155.63
-102.7
-66.25
29.82
38.48
40.68
72.97
128.98
125.27
-150.98
92.45
-90.17
27.95
-73.38
118.99
65.05
52.84
45.51
0.87
17.19
-38
-109.02
20.08
-7.42
-57.7
-147.17
177.14
22.15
43.75
-91.09
-135.88
141.42
84.05
10.59
4.81
23.74
-88.72
97.24
-5.76
-132.87
114.72
45.97
-41.96
-164.38
115.38
23.97
163.2
20
-153.04
150.78
57.07
-29.18
-150
78.76
34.84
-63.09
120.72
19.46
10.34
27.58
168.12
-40.29
63.33
168.5
-33.86
53.8
142.5
-110.99
-56.78
78.82
153.41
-97.46
-2.26
78.1
-164.32
-49.76
47.78
130.33
-95.76
-107.73
134.42
-41.87
57.89
-2.68
-140.95
145.77
36.53
69.77
49.65
124.66
-153.22
-115.21
28.38
132.94
38.37
55.92
-173.71
19.05
-70.98
4
38.43
79.79
77.87
115.11
105.95
-174.26
64.01
-59.25
-109
-153.54
-142.44
-177.42
148.73
85.46
64.29
49.54
-160.02
52.61
41.66
0.62
-81.84
158.25
54.43
3.23
-100.34
-116.21
152.24
153.53
130.52
37.29
-119.88
85.75
-23.08
-105.46
143.27
67.65
-4.21
-119.4
-126.57
-11.7
73.41
12.52
-79.47
171.49
59
-15.32
-97.06
95.33
10.95
-87.61
55.08
-40.55
60.88
174.37
-39.26
72.25
165.08
-59.34
30.6
128.57
-172.22
-109.59
26.08
87.72
-127.22
-35.7
63.07
141.23
-65.52
26.09
102.61
115.73
-160.04
-119.69
24.34
-26.8
133.51
-0.41
-16.48
-136.99
-100.92
-52.65
71.13
103.78
0.34
-100.16
-29.48
12.97
67.25
1.24
-149.21
164.29
-167.89
-17.92
-49.45
-1.72
-19.03
12.54
67.85
64.11
89.29
70.98
38.25
13.86
1.04
-29.55
-37.01
-148.87
-6.9
-40.92
-116.94
-160.66
153.17
21.93
-31.35
-159.03
122.52
58.04
10.61
2.35
14.27
-144.31
79.76
0.5
93.49
92.62
18.96
-65.3
133.87
122.7
34.15
5.49
-82.91
-143.76
109.82
49.84
-42.1
177.91
100.57
23.07
-78.02
106.78
6.94
-176.34
-59.64
65.62
154.41
-50.06
28.15
124.46
-170.27
-10.85
-8.48
129.48
-116.21
-7.33
90.46
-172.18
-51.02
23.06
125.95
-92.6
9.44
86.41
115.82
7.8
116.68
149.07
-24.18
128.52
-42.09
-0.86
126.57
-131.68
-41.07
-2.21
75.7
123.13
141.38
-152.88
-66.33
-58.53
13.58
63.67
90.37
104.68
130.43
118.16
-178.96
84.98
-62.45
-5.65
-57.16
-82.99
-116.57
-138.43
175.38
142.79
105.1
84.47
147.25
81.97
69.91
43.75
-112.85
62.05
125.98
91.44
14.4
-60.75
-159.91
65.4
35.85
71.52
-92.78
40.86
25.4
-42.51
-80.48
135.72
48.52
-19.42
178.42
55.52
143.48
34.3
20.83
-93.89
178.99
45.3
-37.53
-108.55
97.14
17.62
-65.01
52.38
-168.36
-34.85
48.05
163.03
-87.54
5.05
64.79
119.81
-81.98
22.18
100.81
-127.74
-48.82
67.07
168.99
-95.13
7.92
26.3
12.44
-176.16
116.14
-13.53
23.16
10.23
29.54
-43.53
-1.95
-141.03
-2.93
53.23
161.43
-115.77
34.71
-15.26
33.34
149.38
-176.89
-141.59
119.69
-137.03
-89.66
-33.7
18.93
-28.34
10.78
76.04
74.1
106.54
96.04
82.16
84.56
53.82
35.89
5.64
-37.37
-95.2
27.48
-98.14
-58.13
-165.17
136.74
3.54
-88.9
-91.56
-126.19
168.49
54.31
-40.97
-46.31
173.04
91.13
61.21
78.82
-160.78
80.14
41.19
-57.64
156.24
69.02
-4.03
-35.13
-68.46
94.19
106.8
4.17
-89.06
151.01
57.74
-22.92
86.44
88.65
